56
54
59
65
50
48
67
43
72
61
56
54
69
41
61
56
65
66
62
49
69
61
61
68
52
70
59
63
52
62
52
51
62
55
55
61
58
75
60
66
71
55
53
53
63
64
68
68
52
64
58
53
67
50
60
59
46
59
69
52
56
58
55
59
50
53
51
64
66
51
67
59
65
50
61
59
70
59
64
53
63
50
64
50
52
57
58
48
69
62
53
68
56
59
61
59
57
61
76
62
56
62
59
71
58
64
56
57
54
61
54
57
68
63
67
59
63
74
57
56
50
64
48
55
67
60
73
73
51
59
71
58
70
46
66
65
60
79
65
63
49
70
55
68
53
70
56
59
66
60
56
62
53
77
50
60
54
62
49
61
52
73
72
50
66
56
58
53
56
60
58
74
60
62
74
72
75
73
48
54
60
45
70
56
64
58
62
52
56
67
66
55
58
64
63
70
80
67
59
68
66
52
64
55
54
62
73
54
61
55
58
69
59
63
62
63
57
57
70
55
81
65
59
70
59
60
65
75
59
61
59
62
75
45
54
51
53
59
61
44
64
72
58
75
51
65
75
63
51
66
57
63
51
52
57
61
55
71
39
58
48
63
51
60
63
52
56
58
63
66
56
52
48
60
58
68
73
64
67
55
51
47
60
57
49
60
63
67
74
69
45
62
78
63
56
68
57
54
54
39
49
52
56
67
66
63
53
69
74
65
58
54
55
64
64
46
66
61
63
50
66
58
51
60
66
68
52
65
50
69
66
65
48
64
56
64
65
66
56
61
64
68
53
61
57
55
57
55
61
58
52
58
66
65
59
64
65
59
71
56
89
53
66
53
58
50
54
69
71
41
63
60
51
55
62
66
54
84
59
57
60
45
61
61
63
59
59
53
64
57
56
67
55
65
60
74
59
57
59
48
53
63
67
72
79
49
52
59
49
55
61
68
63
62
73
47
54
62
65
49
68
73
70
58
63
66
63
58
65
51
48
63
61
62
63
64
63
78
48
51
60
56
60
70
53
87
53
59
83
53
64
66
57
74
53
68
59
69
74
66
53
54
58
65
62
67
53
76
54
54
52
58
55
57
55
65
47
69
53
77
54
63
49
63
59
51
53
61
60
53
56
56
71
80
51
55
57
57
48
72
58
61
61
70
68
62
61
44
50
61
62
66
70
54
85
69
67
49
66
64
63
52
64
54
57
61
62
61
78
63
62
59
67
72
57
60
58
58
52
75
57
60
68
68
57
64
47
60
51
53
65
50
70
64
57
60
74
61
61
63
69
68
63
41
59
63
54
64
54
62
50
63
63
61
61
49
60
41
64
59
64
54
49
61
57
57
73
67
67
62
53
67
58
72
64
64
57
55
55
63
62
57
50
59
56
58
52
52
59
56
65
57
64
61
69
60
61
65
66
68
51
58
51
57
56
70
51
66
70
75
58
67
65
51
55
58
65
63
63
53
65
63
54
69
58
58
60
69
57
52
60
64
59
66
50
68
65
51
52
62
74
59
72
68
68
65
57
62
65
56
53
44
58
54
57
58
65
63
52
58
43
54
66
59
69
67
68
61
78
75
65
62
50
59
53
59
46
68
70
67
71
68
59
46
72
68
67
63
66
76
62
67
64
71
66
66
64
53
68
64
55
69
61
60
52
58
59
64
71
44
65
46
58
44
62
57
71
57
63
50
63
67
46
57
63
61
65
61
77
53
71
53
57
70
55
54
52
56
57
47
72
61
55
55
58
47
67
49
54
65
51
66
50
59
48
54
53
53
54
59
57
65
51
66
48
65
69
61
48
73
68
63
89
58
52
58
54
55
70
57
57
70
62
68
65
58
72
59
68
56
54
57
65
63
47
73
48
54
55
59
47
55
57
53
69
53
59
67
67
69
53
80
56
70
58
62
56
46
60
61
55
57
60
53
53
61
63
46
60
74
61
61
58
57
59
61
59
63
65
70
74
64
63
48
56
59
59
54
65
69
60
65
53
56
67
60
55
53
70
67
61
68
54
60
65
36
54
64
60
65
73
49
62
51
56
61
65
67
63
62
59
64
48
64
54
58
57
64
48
50
39
44
47
70
55
58
53
65
67
50
65
57
52
62
54
71
57
56
67
53
57
57
67
45
56
56
61
59
68
52
51
52
66
46
61
60
63
50
59
64
57
70
62
67
72
55
58
73
52
54
51
64
70
51
55
65
60
48
60
53
59
52
60
69
62
60
64
63
62
58
71
70
78
70
58
51
58
60
73
50
61
56
54
61
66
52
81
61
57
73
