172
167
184
183
198
163
160
150
184
188
191
172
188
155
186
173
158
170
172
173
155
171
196
172
178
159
179
165
202
172
155
183
171
204
178
168
175
186
165
163
169
164
182
158
172
182
176
206
182
167
191
173
169
193
164
182
182
193
184
155
169
147
190
179
189
179
178
192
172
185
190
153
177
168
165
194
176
174
174
187
180
168
174
148
174
174
187
174
171
163
165
163
188
168
173
149
164
181
168
165
194
171
176
182
185
175
170
156
184
163
175
173
175
159
173
182
163
160
164
166
188
171
163
168
197
208
183
175
172
185
180
194
180
189
178
143
169
185
164
157
177
183
166
179
180
162
165
171
178
193
165
159
177
171
205
187
175
185
172
188
202
192
188
179
183
175
194
165
176
187
191
163
163
174
155
184
170
177
180
179
173
182
151
157
162
160
170
185
187
167
172
167
186
170
160
191
192
165
184
181
168
192
179
157
148
188
195
193
177
180
153
171
193
160
185
190
164
164
180
173
167
174
176
171
167
165
186
170
190
159
174
166
172
191
180
177
180
157
173
165
170
159
173
167
189
172
169
183
184
185
206
180
164
163
152
160
175
160
168
178
155
190
198
160
189
167
180
148
175
166
160
164
176
176
186
174
187
172
166
184
173
154
178
156
165
153
183
183
204
182
191
183
179
163
183
185
177
181
165
194
185
164
186
184
189
145
164
166
189
161
172
171
163
176
171
170
168
182
145
178
179
193
184
166
179
189
180
176
184
180
157
171
187
215
164
189
164
188
167
181
192
157
173
180
177
154
163
186
178
175
165
165
149
177
186
171
174
187
182
171
165
159
179
179
156
178
167
190
169
165
192
198
178
191
151
186
175
173
179
176
171
182
184
176
169
167
195
189
187
159
200
134
175
152
168
180
181
181
169
170
163
174
166
187
164
198
183
201
188
192
180
198
202
160
168
166
184
170
181
184
171
165
158
160
174
149
165
150
200
158
177
149
162
175
170
180
197
172
156
186
173
176
186
157
153
167
176
182
194
164
196
178
154
175
176
197
197
198
186
156
190
174
166
169
161
172
158
173
191
164
175
200
204
181
198
169
165
178
165
170
173
185
183
178
181
172
157
158
174
169
149
180
169
176
167
178
176
186
153
180
165
190
193
162
172
190
183
184
215
161
213
181
173
176
166
172
177
180
196
172
155
185
165
160
200
168
193
160
149
209
167
184
150
169
198
179
195
170
195
169
186
173
176
157
162
186
201
160
170
175
164
177
175
172
186
186
155
172
180
169
166
161
181
183
165
166
171
192
172
175
181
158
182
160
157
180
175
188
167
179
186
188
201
171
169
189
163
211
152
174
176
174
185
184
152
180
189
181
198
187
159
159
174
149
156
151
174
145
187
194
164
177
187
173
163
176
182
181
164
177
182
168
159
180
164
171
172
184
158
154
162
149
163
154
178
188
161
188
194
192
174
142
183
163
152
191
167
180
207
190
187
164
193
177
189
179
174
172
161
166
190
169
190
174
163
177
188
163
171
191
176
153
181
161
175
179
193
175
178
164
186
156
164
174
170
175
172
170
170
185
168
181
184
167
171
165
187
198
196
174
180
173
187
183
160
182
172
187
167
174
159
203
184
171
177
183
130
182
147
178
174
156
174
196
169
207
181
173
193
175
182
172
185
182
166
188
167
163
158
184
190
160
180
176
163
181
171
198
159
150
173
176
168
165
176
166
180
168
188
167
156
193
193
162
194
168
188
172
162
186
163
173
167
175
187
195
174
191
185
149
191
168
162
163
187
177
171
167
181
176
172
177
187
189
177
182
200
173
178
202
164
162
191
179
157
176
173
195
186
186
173
176
175
177
178
160
147
169
187
167
176
165
200
176
148
172
199
152
179
209
192
193
161
173
171
168
168
164
179
176
179
180
178
199
163
177
156
189
169
186
209
187
186
171
171
158
197
171
179
178
179
170
174
176
161
172
171
166
181
166
157
159
163
189
156
175
175
163
205
181
181
162
175
164
175
182
178
166
161
177
157
189
182
202
151
166
186
209
145
194
151
180
172
159
159
200
177
171
183
177
182
173
188
159
182
166
185
192
189
162
163
161
166
177
179
183
156
177
190
201
165
155
185
168
161
171
179
167
184
200
162
167
171
201
184
173
180
167
152
169
162
166
185
171
143
166
149
170
171
169
174
171
175
144
169
187
182
187
167
173
173
129
152
159
164
165
167
182
167
169
170
148
169
164
198
164
172
175
176
170
166
192
171
168
147
170
178
151
170
160
