32
30
23
33
26
35
39
35
31
33
42
25
21
39
28
37
35
30
29
33
33
24
41
36
25
27
32
32
26
32
32
28
38
34
41
27
25
38
30
28
32
27
28
37
26
28
27
29
28
35
29
31
25
28
31
32
24
27
26
36
38
26
34
32
32
28
43
27
36
30
31
31
30
27
22
26
25
25
25
24
27
28
27
27
24
36
35
36
36
37
27
33
33
31
28
28
32
36
37
30
25
20
34
32
27
32
24
36
29
37
29
44
26
40
25
32
26
38
38
35
42
31
29
33
36
29
23
32
31
25
35
39
30
31
30
25
22
39
33
27
38
37
26
26
33
29
21
25
25
27
42
42
26
31
37
32
33
40
30
21
29
24
29
34
25
28
33
34
36
28
31
38
44
36
26
33
38
27
29
39
35
33
40
23
37
26
23
30
28
31
25
29
26
32
36
26
24
29
24
24
24
31
29
29
32
24
30
31
32
23
31
24
36
28
34
42
26
32
35
36
40
36
33
30
28
23
37
26
35
30
35
34
26
33
25
22
48
30
29
30
19
35
28
26
25
21
30
23
31
32
24
33
24
34
33
29
25
28
33
25
30
27
31
32
28
16
28
23
43
33
45
24
32
23
40
37
28
28
37
29
32
31
30
45
32
24
22
33
36
34
35
34
30
24
41
25
38
28
23
36
27
28
27
27
23
22
28
19
32
40
30
38
29
33
30
25
31
41
29
30
40
24
34
32
22
28
33
24
40
29
27
33
30
30
32
27
35
34
31
30
29
22
21
36
32
29
36
29
37
34
46
28
28
22
34
31
36
33
25
30
26
31
41
25
25
25
26
32
34
20
36
27
40
30
33
33
31
30
33
29
28
23
47
35
33
33
33
36
38
30
34
24
19
20
32
38
18
36
31
31
30
38
30
27
35
23
27
25
33
28
34
18
34
25
31
27
33
31
36
29
29
24
39
31
31
38
34
26
33
30
36
30
29
36
31
33
38
27
22
29
34
35
27
28
34
32
35
33
29
23
29
34
28
20
38
30
34
26
42
33
29
25
28
29
39
25
39
24
34
32
22
33
23
28
28
27
26
22
31
31
35
32
34
20
27
24
33
20
25
41
37
31
19
26
37
30
26
34
36
33
36
32
33
30
30
29
27
23
37
30
20
29
29
37
38
39
32
39
32
34
38
42
36
28
33
34
39
44
36
28
37
24
35
39
22
29
34
34
32
23
25
24
28
28
27
26
33
35
43
28
34
33
35
40
26
25
33
37
30
33
30
30
24
23
37
28
36
21
34
27
35
26
33
36
34
33
25
39
34
29
29
29
36
33
32
33
34
37
31
37
26
29
38
33
28
33
35
34
29
31
33
34
28
30
25
33
38
31
37
34
39
30
32
24
27
39
27
33
39
42
37
38
27
25
32
32
30
36
27
22
31
28
30
42
22
40
31
30
31
34
23
23
35
28
30
43
28
40
37
29
29
31
33
37
31
44
20
30
37
23
32
33
33
26
38
40
36
27
38
41
29
33
33
29
26
30
34
27
28
32
34
34
31
30
35
28
36
33
33
31
33
33
27
31
28
32
32
25
31
20
30
32
29
35
29
27
33
26
30
29
26
40
25
20
29
30
25
31
25
30
32
35
29
40
29
35
41
22
29
25
32
24
27
24
34
29
28
34
24
29
28
21
33
42
28
31
37
24
28
41
33
38
37
31
25
33
28
25
37
24
34
29
35
21
33
33
21
34
32
35
27
35
28
29
31
30
31
21
21
30
23
27
32
36
24
32
31
26
38
36
29
38
31
32
26
35
27
24
33
31
28
29
31
28
34
26
26
26
27
36
32
31
29
24
29
32
36
32
36
35
26
33
35
44
24
28
28
29
31
26
34
34
21
26
30
28
31
28
22
28
30
27
25
26
30
26
29
25
38
38
20
32
21
19
15
27
40
27
41
27
35
22
25
31
33
32
32
23
36
24
25
37
35
32
33
30
36
27
43
28
26
36
39
39
32
37
26
35
33
32
38
38
29
29
40
26
28
28
28
33
26
33
30
34
31
35
26
37
34
20
29
24
32
26
41
42
34
30
37
28
29
27
35
31
33
22
33
28
30
30
31
26
28
42
27
29
31
29
29
22
25
24
43
28
21
31
28
28
35
42
27
24
25
42
32
28
29
31
40
25
35
31
29
28
34
21
31
34
27
32
21
27
33
33
30
27
28
29
38
24
34
21
28
35
32
42
42
23
31
26
32
31
28
30
34
30
29
29
30
31
