286
337
333
292
315
273
274
261
283
281
278
304
310
334
297
283
300
301
301
285
299
312
296
285
325
305
305
279
311
300
306
289
299
320
312
296
294
294
304
319
306
312
289
291
306
284
313
306
320
314
319
308
305
305
310
261
283
341
290
302
309
329
317
307
289
312
289
283
311
305
295
281
324
284
313
296
324
304
300
324
322
305
311
302
303
270
286
290
296
281
289
311
328
279
299
324
279
303
329
289
316
315
324
286
269
297
317
328
287
327
300
300
282
293
336
285
309
299
294
286
280
357
321
325
310
295
300
292
305
300
283
334
326
313
298
300
325
301
353
312
311
298
301
283
301
304
310
323
330
307
291
305
344
298
296
324
281
296
286
303
308
274
312
300
348
308
314
292
296
309
293
299
310
296
307
297
309
252
315
340
295
288
335
287
329
270
330
319
312
310
296
297
303
307
308
320
314
314
296
293
309
280
300
312
281
310
271
302
294
293
312
292
318
269
311
313
287
296
317
315
288
301
311
302
308
345
314
289
310
316
296
282
308
301
298
309
321
318
317
315
309
310
303
293
304
318
282
316
293
308
282
288
295
292
293
324
324
318
306
287
292
303
304
307
327
303
288
316
292
318
312
283
298
287
322
324
302
307
319
309
291
280
297
292
293
331
318
296
313
313
295
322
292
305
262
289
299
280
277
301
295
292
303
278
273
286
302
302
306
253
323
326
281
291
323
300
303
334
310
320
296
342
322
319
319
305
306
291
327
323
295
305
322
322
310
322
297
308
305
312
302
322
305
279
304
331
308
296
310
333
302
285
300
282
288
301
318
277
268
293
311
314
299
320
310
300
290
327
352
307
286
313
257
316
330
286
335
332
335
308
291
253
326
323
266
289
309
317
302
286
316
326
280
331
323
311
294
311
301
280
295
318
287
287
301
342
314
316
330
323
303
305
323
293
316
278
311
294
303
356
291
298
287
304
331
289
322
300
331
318
293
311
305
294
305
290
319
299
289
290
315
305
255
313
293
322
321
282
306
323
329
299
329
306
297
322
329
305
309
306
290
326
309
284
304
290
298
315
287
304
275
289
301
289
292
313
303
308
336
308
287
291
307
309
300
321
298
333
302
324
302
309
328
279
296
281
308
316
324
304
277
316
266
293
325
302
294
305
303
263
272
332
292
277
322
271
316
285
310
278
298
288
285
295
293
309
316
321
310
319
306
312
303
300
310
294
275
313
288
308
319
302
313
292
307
325
337
300
302
305
318
322
322
307
298
315
306
304
304
313
320
296
282
317
303
291
284
281
290
315
292
298
287
270
302
325
296
327
298
292
301
318
312
299
313
326
272
311
289
296
302
275
323
323
295
348
290
302
299
289
295
315
311
306
304
308
298
284
303
288
309
290
321
276
288
316
311
309
284
335
299
338
299
305
311
276
310
338
327
314
318
305
306
327
307
300
326
275
288
266
309
304
301
301
270
279
313
266
311
341
292
333
279
326
344
282
324
313
334
295
329
283
285
303
306
304
283
322
323
287
288
279
336
304
281
316
292
303
321
262
273
316
260
333
312
266
268
340
294
261
313
316
324
302
292
317
270
322
305
328
323
296
276
296
303
288
305
316
326
284
311
292
303
310
316
280
317
318
321
278
292
303
312
299
306
300
292
278
339
302
322
308
281
322
300
284
312
286
307
314
283
307
300
342
308
352
293
288
300
308
303
308
288
321
331
299
337
276
328
293
320
294
337
309
303
284
302
307
315
344
303
276
306
289
333
324
298
280
309
288
306
291
323
338
291
295
270
316
277
297
281
299
306
303
277
334
310
322
293
282
281
313
311
291
281
294
293
310
286
324
296
313
322
288
315
300
313
313
304
300
288
318
322
280
298
298
333
324
315
312
309
314
308
308
297
299
289
285
314
291
297
277
314
319
335
315
283
297
303
292
299
292
327
299
312
275
329
306
295
272
337
296
316
331
283
300
341
318
264
297
297
293
309
298
304
338
315
284
302
313
323
295
293
304
300
300
293
284
289
301
305
283
301
315
307
282
302
317
288
287
293
296
275
287
307
299
318
269
296
303
300
307
301
279
324
330
285
303
325
307
307
316
307
281
308
329
301
297
313
285
318
328
274
308
325
267
293
292
299
320
308
298
312
308
339
311
313
312
318
297
306
308
304
295
325
291
306
295
319
321
283
292
290
270
295
283
317
295
323
347
285
317
298
302
314
293
275
300
304
300
295
307
293
288
315
309
326
281
285
272
326
350
277
293
296
276
311
313
288
328
