107
112
105
97
120
109
96
112
107
116
95
91
102
108
124
100
100
95
108
113
102
97
111
90
105
93
111
111
101
111
113
133
105
100
96
109
106
91
100
105
96
86
106
103
105
106
102
116
105
91
108
103
98
107
105
113
117
109
121
103
110
123
76
97
97
93
83
104
122
94
95
98
111
102
111
98
116
88
99
107
119
100
109
95
111
92
92
93
97
103
109
99
98
104
99
99
99
109
90
99
102
126
119
105
107
109
121
108
111
113
96
110
104
81
111
104
85
104
101
89
94
116
94
102
129
119
122
96
97
103
101
117
110
85
109
79
116
97
100
97
86
100
101
102
115
102
96
117
123
99
102
93
94
103
108
110
114
99
116
105
97
98
102
99
93
121
103
121
102
110
99
93
97
96
100
95
102
98
95
105
107
90
103
91
100
115
122
112
95
106
97
110
121
111
88
101
87
100
101
96
104
97
103
91
103
90
109
95
102
81
102
112
98
97
91
113
102
95
100
98
110
114
97
111
108
129
105
116
97
104
95
105
92
88
117
103
88
119
120
117
105
112
98
93
89
109
106
104
101
87
119
90
97
104
100
108
101
93
97
125
108
96
96
96
94
92
88
104
99
103
97
106
117
85
115
83
97
118
91
118
80
87
108
92
92
106
107
105
106
94
94
104
94
105
111
93
115
116
115
109
98
106
97
104
103
102
98
103
97
86
105
112
96
100
93
106
93
104
99
101
113
96
97
124
90
113
112
122
113
114
92
93
106
95
100
93
87
119
93
103
99
103
84
99
101
113
94
108
99
116
102
106
101
92
108
103
87
101
95
104
104
96
81
131
95
100
97
114
98
89
103
114
111
97
108
104
107
102
115
83
99
107
101
110
107
98
115
108
98
110
94
107
111
114
101
123
112
104
105
90
97
105
109
108
121
99
110
108
92
108
118
91
103
81
96
87
91
98
119
92
112
98
111
98
102
102
104
97
121
107
104
103
100
96
88
105
111
92
110
103
108
92
93
102
97
83
99
97
98
115
113
116
99
99
97
101
101
86
108
97
92
118
98
98
115
90
104
89
103
97
105
88
112
83
105
104
98
113
112
104
109
81
95
89
115
97
96
95
112
122
84
107
119
108
94
91
89
101
94
103
115
96
104
104
101
115
123
123
103
105
104
97
97
78
106
97
97
92
99
93
102
111
97
99
97
117
98
101
109
102
109
120
114
112
112
96
109
104
115
95
97
96
95
111
107
119
109
113
100
98
104
118
91
118
123
102
100
117
88
108
82
103
83
108
98
101
91
93
94
81
99
101
90
100
98
110
105
101
91
104
106
108
109
104
96
90
101
105
103
111
106
102
101
114
105
98
94
89
99
101
103
118
96
110
92
91
107
112
108
113
85
110
94
100
114
98
107
120
106
102
90
93
100
139
87
105
97
108
93
82
107
90
102
100
81
96
107
112
92
102
106
104
96
104
94
111
98
97
91
116
98
97
96
105
116
84
107
108
98
106
104
97
95
99
108
106
96
108
104
93
99
109
92
91
96
87
98
124
109
97
109
106
119
120
89
105
87
107
100
129
106
111
113
113
104
91
103
100
109
110
89
100
100
106
99
106
90
93
103
93
106
82
118
124
108
102
113
93
91
117
108
98
99
102
117
104
99
93
108
101
94
97
84
97
102
106
89
105
117
116
100
97
114
106
111
88
96
119
107
100
104
95
88
82
109
90
107
118
110
73
103
97
103
108
85
102
106
105
86
107
112
95
114
117
93
93
100
110
110
106
119
90
107
100
90
109
92
112
90
112
80
98
97
99
106
107
129
92
112
103
94
82
108
99
108
98
93
106
100
125
106
106
95
110
89
105
105
129
101
109
111
78
95
116
125
108
108
85
108
98
99
109
105
109
112
105
107
110
101
113
77
124
104
121
103
101
98
97
103
121
112
128
95
111
103
116
96
114
116
105
110
107
103
92
100
101
96
94
113
99
104
105
103
115
95
108
103
80
100
106
88
91
93
111
89
98
98
112
89
100
111
111
109
95
107
90
90
80
89
101
109
88
97
103
98
103
111
84
88
118
90
87
104
101
103
98
111
101
92
93
115
102
106
97
94
92
97
111
107
113
117
89
90
89
94
95
107
105
102
90
89
101
106
106
100
99
101
99
102
100
111
103
117
94
103
115
111
108
97
101
111
96
115
99
122
97
89
113
93
116
114
96
108
105
90
105
109
91
93
102
104
91
100
100
85
96
102
113
98
88
109
99
85
97
114
114
97
100
100
103
