55
47
35
45
39
48
44
48
41
45
34
32
54
32
40
35
40
52
41
57
46
54
42
46
45
47
43
52
50
29
45
58
55
47
51
46
59
49
60
36
42
49
43
47
40
37
41
27
54
51
43
39
47
39
44
47
46
46
51
44
54
27
45
50
45
37
43
44
48
45
45
43
65
47
52
44
39
57
38
41
45
43
49
51
48
45
43
38
54
38
40
45
51
47
33
40
43
33
48
42
32
41
40
45
45
41
50
43
35
44
47
47
34
52
49
41
32
40
37
37
45
46
43
40
44
49
47
45
46
46
37
49
28
47
39
42
53
38
42
50
47
54
45
37
46
43
40
38
46
41
38
55
47
48
34
44
40
49
28
50
71
27
38
40
55
39
36
51
45
48
46
46
53
60
41
40
34
41
42
47
38
45
36
42
44
49
45
37
46
53
38
56
37
46
41
37
41
44
56
50
42
30
42
48
36
56
51
50
45
41
49
46
39
35
38
36
39
49
43
47
45
35
52
36
43
44
45
44
42
41
42
40
56
48
41
40
47
50
44
44
48
38
38
56
44
33
48
49
37
37
50
46
53
45
45
40
39
50
47
43
37
45
40
39
56
39
51
54
38
49
36
31
42
45
51
38
31
34
30
48
41
43
53
50
37
50
47
41
45
52
42
36
33
40
43
47
39
46
39
34
50
37
37
45
53
42
32
57
37
41
39
36
42
38
49
32
49
45
42
30
42
43
51
51
48
42
48
42
43
41
46
45
45
39
45
41
45
39
44
41
43
46
45
51
41
47
45
44
47
42
39
52
42
34
40
28
41
48
37
43
47
42
49
46
37
52
36
39
51
49
46
40
58
40
38
43
44
51
47
50
32
42
55
44
42
46
49
41
40
54
43
41
51
50
46
44
43
39
42
53
50
50
39
44
40
48
46
54
44
44
43
55
40
44
25
46
61
43
55
42
35
53
49
44
49
40
56
37
46
44
43
49
52
45
49
49
31
44
46
43
43
42
46
33
34
44
45
38
48
43
37
44
59
51
57
36
45
37
40
46
47
43
48
42
37
45
51
45
47
38
30
36
40
40
36
48
61
44
49
48
40
39
59
38
31
51
46
45
56
46
43
53
42
48
56
56
53
37
34
48
31
50
43
45
46
49
42
44
48
35
52
39
33
47
43
46
38
36
37
35
49
50
50
40
44
46
39
51
60
56
33
41
34
36
44
52
43
42
54
33
40
40
34
38
39
34
41
39
43
41
44
37
33
28
26
41
54
39
33
42
45
50
42
46
50
47
34
44
48
41
46
48
39
36
48
45
34
51
40
40
44
42
49
40
35
49
45
34
49
46
59
61
49
54
49
37
58
41
48
42
47
43
45
49
38
48
32
37
52
51
55
42
54
40
43
44
40
46
48
54
22
45
43
47
43
48
47
36
44
51
32
47
45
39
46
31
55
45
49
53
40
42
43
49
46
42
41
61
50
36
46
43
49
53
50
42
38
47
35
42
43
42
59
33
44
37
39
48
52
42
42
36
41
50
49
46
32
40
40
54
40
44
46
46
50
48
44
45
45
45
45
51
46
45
53
49
53
53
49
49
44
33
46
57
44
45
47
57
45
44
57
47
47
45
35
41
52
44
45
47
45
45
41
28
49
45
40
50
34
43
41
43
40
40
37
46
48
52
42
41
52
37
48
33
39
53
39
32
56
46
34
43
48
46
40
43
33
46
42
46
45
46
37
42
45
39
52
43
35
45
46
41
53
56
43
33
40
47
41
34
36
47
51
32
39
55
32
50
34
38
36
38
46
43
41
41
35
36
38
42
32
50
39
42
42
47
46
40
45
48
47
49
44
39
63
48
38
45
52
51
45
49
37
43
48
46
44
51
39
37
43
39
44
42
52
41
44
45
54
40
42
27
42
39
40
41
46
36
45
45
47
49
54
44
53
51
50
42
45
46
35
47
45
43
52
55
54
40
44
48
41
46
60
43
44
30
48
47
35
36
38
38
44
36
52
50
58
36
53
34
40
40
44
53
59
54
37
47
37
37
49
40
35
33
43
50
50
44
58
44
37
53
51
37
37
45
35
50
45
47
39
37
41
40
48
46
49
46
51
44
45
39
48
38
42
43
47
45
44
51
42
48
43
48
45
49
42
43
49
39
46
48
40
55
52
45
52
35
51
55
40
47
45
33
49
39
34
40
40
53
38
47
60
41
40
36
43
40
49
50
48
53
57
46
42
30
38
38
47
55
50
44
41
43
38
43
47
47
34
43
