50	376
50	312
50	402
50	379
50	345
50	380
50	389
50	333
50	355
50	361
50	335
50	356
50	344
50	356
50	335
50	362
50	339
50	387
50	336
50	317
50	354
50	373
50	373
50	354
50	359
50	348
50	357
50	363
50	357
50	333
50	338
50	335
50	356
50	356
50	377
50	363
50	321
50	379
50	339
50	369
50	362
50	371
50	378
50	339
50	355
50	334
50	346
50	354
50	352
50	362
50	377
50	348
50	358
50	365
50	377
50	381
50	363
50	358
50	354
50	376
50	379
50	329
50	322
50	324
50	377
50	356
50	388
50	393
50	334
50	353
50	332
50	364
50	366
50	342
50	377
50	361
50	344
50	341
50	358
50	379
50	330
50	332
50	344
50	357
50	345
50	383
50	351
50	352
50	345
50	368
50	329
50	337
50	365
50	387
50	355
50	351
50	390
50	356
50	366
50	364
50	380
50	348
50	355
50	348
50	329
50	333
50	364
50	326
50	363
50	349
50	354
50	366
50	367
50	364
50	360
50	332
50	343
50	354
50	377
50	366
50	397
50	345
50	355
50	346
50	359
50	333
50	375
50	369
50	332
50	349
50	364
50	355
50	351
50	337
50	356
50	386
50	361
50	373
50	359
50	391
50	347
50	372
50	368
50	371
50	361
50	385
50	361
50	359
50	344
50	357
50	358
50	386
50	345
50	330
50	304
50	335
50	359
50	358
50	336
50	343
50	336
50	369
50	358
50	353
50	363
50	348
50	347
50	363
50	342
50	362
50	374
50	336
50	401
50	337
50	352
50	312
50	373
50	353
50	351
50	385
50	392
50	335
50	358
50	353
50	368
50	353
50	349
50	371
50	379
50	323
50	380
50	346
50	357
50	337
50	365
50	348
50	365
50	372
50	361
50	335
50	343
50	339
50	377
50	370
50	370
50	344
50	318
50	366
50	347
50	357
50	353
50	348
50	365
50	393
50	371
50	356
50	343
50	357
50	338
50	379
50	379
50	387
50	352
50	334
50	324
50	350
50	355
50	352
50	369
50	355
50	338
50	368
50	335
50	342
50	349
50	375
50	389
50	336
50	363
50	346
50	349
50	358
50	332
50	348
50	387
50	358
50	400
50	341
50	338
50	335
50	365
50	368
50	352
50	332
50	358
50	351
50	391
50	372
50	348
50	346
50	363
50	348
50	357
50	343
50	375
50	364
50	395
50	374
50	387
50	368
50	375
50	337
50	337
50	359
50	336
50	329
50	365
50	337
50	354
50	357
50	344
50	354
50	345
50	373
50	381
50	347
50	369
50	394
50	355
50	407
50	359
50	358
50	347
50	348
50	328
50	338
50	389
50	339
50	348
50	352
50	349
50	360
50	329
50	369
50	338
50	365
50	338
50	385
50	348
50	334
50	367
50	364
50	342
50	360
50	354
50	340
50	392
50	392
50	361
50	330
50	348
50	372
50	404
50	342
50	363
50	372
50	386
50	378
50	345
50	351
50	321
50	332
50	356
50	353
50	382
50	358
50	341
50	364
50	329
50	376
50	351
50	368
50	345
50	349
50	347
50	355
50	382
50	369
50	351
50	333
50	366
50	359
50	368
50	334
50	353
50	345
50	345
50	337
50	335
50	330
50	353
50	349
50	378
50	390
50	358
50	352
50	360
50	363
50	350
50	345
50	349
50	340
50	339
50	382
50	359
50	336
50	356
50	364
50	357
50	381
50	357
50	383
50	347
50	369
50	350
50	337
50	368
50	394
50	347
50	358
50	355
50	360
50	388
50	381
50	403
50	324
50	359
50	347
50	352
50	364
50	359
50	352
50	327
50	326
50	359
50	343
50	353
50	349
50	400
50	354
50	350
50	352
50	340
50	350
50	344
50	371
50	356
50	337
50	326
50	366
50	360
50	347
50	339
50	345
50	388
50	384
50	376
50	357
50	353
50	362
50	378
50	400
50	322
50	382
50	347
50	368
50	362
50	356
50	334
50	326
50	369
50	350
50	372
50	356
50	364
50	400
50	382
50	339
50	355
50	340
50	356
50	342
50	345
50	386
50	392
50	346
50	353
50	363
50	342
50	350
50	379
50	354
50	334
50	391
50	333
50	367
50	332
50	383
50	363
50	364
50	395
50	368
50	340
50	363
50	379
50	356
50	377
50	356
50	360
50	326
50	321
50	342
50	363
50	330
50	356
50	379
50	352
50	365
50	364
50	361
50	345
50	372
50	326
50	361
50	322
50	355
50	362
50	377
50	344
50	353
50	339
50	362
50	367
50	363
50	396
50	327
50	373
50	352
50	386
50	354
50	354
50	348
50	378
50	390
50	350
50	345
50	355
50	347
50	342
50	373
50	373
50	357
50	384
50	356
50	362
50	324
50	354
50	357
50	335
50	319
50	378
50	361
50	345
50	367
50	351
50	368
50	332
50	378
50	342
50	358
50	350
50	352
50	346
50	357
50	326
50	352
50	367
50	387
50	367
50	368
50	342
50	346
50	378
50	360
50	359
50	345
50	318
50	345
50	353
50	338
50	365
50	365
50	372
50	326
50	373
50	366
50	390
50	347
50	336
50	356
50	351
50	349
50	324
50	367
50	350
50	377
50	315
50	386
50	366
50	353
50	395
50	353
50	374
50	372
50	376
50	326
50	367
50	378
50	341
50	356
50	350
50	326
50	367
50	348
50	364
50	363
50	389
50	378
50	319
50	370
50	367
50	390
50	352
50	328
50	355
50	364
50	367
50	381
50	348
50	384
50	342
50	331
50	370
50	364
50	328
50	340
50	363
50	359
50	358
50	353
50	389
50	350
50	353
50	384
50	370
50	352
50	353
50	327
50	342
50	380
50	358
50	313
50	398
50	371
50	361
50	342
50	345
50	401
50	351
50	349
50	359
50	355
50	331
50	353
50	342
50	360
50	360
50	351
50	370
50	353
50	320
50	409
50	361
50	345
50	391
50	366
50	354
50	384
50	336
50	357
50	368
50	334
50	347
50	361
50	398
50	354
50	355
50	381
50	343
50	364
50	351
50	311
50	357
50	370
50	343
50	336
50	363
50	375
50	374
50	359
50	350
50	350
50	353
50	360
50	341
50	365
50	355
50	338
50	368
50	373
50	373
50	364
50	358
50	343
50	368
50	352
50	395
50	343
50	319
50	376
50	360
50	363
50	376
50	317
50	389
50	382
50	393
50	357
50	329
50	360
50	335
50	341
50	336
50	330
50	394
50	362
50	358
50	334
50	363
50	347
50	348
50	381
50	336
50	364
50	357
50	346
50	363
50	359
50	334
50	402
50	352
50	323
50	361
50	357
50	322
50	359
50	415
50	361
50	344
50	383
50	373
50	378
50	323
50	355
50	322
50	328
50	348
50	357
50	347
50	334
50	347
50	346
50	364
50	350
50	372
50	380
50	332
50	356
50	373
50	353
50	327
50	335
50	361
50	335
50	364
50	344
50	389
50	379
50	371
50	369
50	361
50	347
50	359
50	341
50	360
50	330
50	331
50	375
50	330
50	358
50	389
50	352
50	365
50	334
50	390
50	358
50	390
50	351
50	385
50	343
50	351
50	382
50	339
50	359
50	344
50	367
50	399
50	362
50	361
50	375
50	345
50	335
50	371
50	375
50	382
50	346
50	347
50	346
50	328
50	357
50	369
50	328
50	355
50	320
50	353
50	347
50	383
50	355
50	338
50	356
50	364
50	356
50	335
50	348
50	346
50	351
50	356
50	352
50	358
50	366
50	374
50	373
50	328
50	364
50	322
50	382
50	372
50	346
50	373
50	380
50	354
50	343
50	347
50	346
50	335
50	392
50	382
50	319
50	367
50	369
50	337
50	373
50	364
50	361
50	321
50	378
50	364
50	371
50	347
50	357
50	372
50	366
50	338
50	340
50	352
50	336
50	345
50	354
50	367
50	356
50	374
50	356
50	312
50	363
50	325
50	375
50	340
50	361
50	376
50	350
50	389
50	364
50	366
50	345
50	336
50	333
50	368
50	335
50	358
50	357
50	349
50	349
50	363
50	331
50	357
50	348
50	330
50	359
50	339
50	337
50	385
50	352
50	357
50	357
50	339
50	303
50	378
50	371
50	375
50	348
50	339
50	363
50	344
50	366
50	349
50	330
50	335
50	365
50	341
50	351
50	385
50	358
50	383
50	326
50	374
50	344
50	340
50	369
50	360
50	333
50	354
50	400
50	354
50	342
50	378
50	377
50	322
50	321
50	361
50	350
50	362
50	357
50	374
50	386
50	328
50	372
50	323
50	371
50	351
50	344
50	374
50	362
50	364
50	340
50	362
50	362
50	349
50	348
50	361
50	354
50	324
50	358
50	342
50	347
50	362
50	377
50	346
50	362
50	358
50	360
50	364
50	381
50	359
50	347
50	360
50	363
50	320
50	396
50	376
50	360
50	353
50	360
50	340
50	368
50	355
50	359
50	347
50	373
50	394
50	329
50	352
50	342
50	368
50	400
50	352
50	324
50	340
50	374
50	398
50	353
100	223
100	195
100	222
100	213
100	214
100	193
100	232
100	205
100	221
100	214
100	210
100	221
100	210
100	214
100	229
100	221
100	214
100	191
100	203
100	200
100	193
100	216
100	230
100	203
100	207
100	220
100	198
100	225
100	195
100	200
100	208
100	205
100	209
100	233
100	212
100	193
100	231
100	210
100	204
100	214
100	234
100	220
100	223
100	201
100	212
100	242
100	227
100	225
100	240
100	196
100	205
100	231
100	219
100	219
100	201
100	209
100	211
100	183
100	216
100	217
100	211
100	222
100	222
100	210
100	211
100	227
100	223
100	196
100	225
100	215
100	209
100	203
100	193
100	208
100	220
100	192
100	216
100	213
100	207
100	218
100	222
100	220
100	219
100	198
100	228
100	233
100	227
100	198
100	217
100	200
100	224
100	222
100	255
100	191
100	204
100	230
100	182
100	232
100	226
100	196
100	225
100	188
100	194
100	203
100	174
100	209
100	194
100	192
100	218
100	229
100	185
100	234
100	189
100	229
100	201
100	219
100	210
100	229
100	185
100	243
100	183
100	200
100	253
100	236
100	231
100	202
100	226
100	211
100	217
100	227
100	213
100	196
100	206
100	204
100	218
100	232
100	177
100	199
100	213
100	188
100	195
100	216
100	217
100	210
100	216
100	206
100	225
100	194
100	208
100	215
100	191
100	211
100	203
100	224
100	205
100	190
100	201
100	227
100	225
100	226
100	218
100	226
100	208
100	224
100	200
100	205
100	188
100	218
100	223
100	203
100	207
100	211
100	214
100	218
100	206
100	226
100	212
100	218
100	207
100	226
100	218
100	206
100	228
100	236
100	182
100	199
100	232
100	202
100	202
100	223
100	214
100	213
100	206
100	202
100	217
100	222
100	221
100	208
100	227
100	207
100	219
100	190
100	205
100	232
100	203
100	207
100	234
100	217
100	199
100	227
100	200
100	224
100	193
100	191
100	201
100	218
100	212
100	205
100	195
100	207
100	204
100	234
100	240
100	228
100	181
100	220
100	201
100	221
100	231
100	191
100	185
100	219
100	229
100	213
100	213
100	225
100	229
100	200
100	232
100	200
100	224
100	239
100	204
100	202
100	196
100	198
100	198
100	221
100	223
100	187
100	216
100	213
100	231
100	235
100	231
100	185
100	205
100	208
100	194
100	200
100	198
100	220
100	212
100	205
100	219
100	206
100	225
100	223
100	206
100	235
100	214
100	211
100	221
100	218
100	217
100	217
100	215
100	194
100	213
100	191
100	215
100	216
100	217
100	210
100	207
100	187
100	225
100	209
100	210
100	218
100	212
100	191
100	225
100	214
100	222
100	230
100	204
100	241
100	234
100	227
100	222
100	224
100	228
100	219
100	216
100	226
100	213
100	199
100	221
100	208
100	217
100	214
100	223
100	231
100	217
100	214
100	210
100	187
100	211
100	222
100	228
100	221
100	222
100	228
100	223
100	206
100	218
100	215
100	231
100	218
100	224
100	226
100	239
100	225
100	199
100	214
100	200
100	206
100	243
100	241
100	213
100	236
100	214
100	193
100	208
100	210
100	217
100	220
100	202
100	195
100	220
100	201
100	246
100	206
100	219
100	237
100	211
100	209
100	206
100	245
100	205
100	200
100	211
100	200
100	211
100	183
100	184
100	226
100	221
100	222
100	224
100	173
100	209
100	232
100	231
100	221
100	202
100	218
100	211
100	219
100	189
100	204
100	218
100	208
100	217
100	193
100	219
100	187
100	203
100	216
100	218
100	231
100	211
100	206
100	220
100	226
100	238
100	178
100	193
100	222
100	196
100	210
100	193
100	200
100	222
100	230
100	219
100	231
100	181
100	185
100	226
100	210
100	216
100	211
100	239
100	213
100	229
100	220
100	207
100	220
100	203
100	204
100	219
100	205
100	221
100	207
100	230
100	229
100	235
100	205
100	218
100	208
100	196
100	208
100	212
100	227
100	200
100	200
100	191
100	203
100	221
100	245
100	223
100	230
100	210
100	194
100	209
100	209
100	226
100	213
100	215
100	206
100	203
100	207
100	229
100	206
100	199
100	237
100	223
100	201
100	217
100	212
100	225
100	217
100	231
100	213
100	189
100	207
100	224
100	217
100	205
100	203
100	220
100	216
100	232
100	205
100	202
100	228
100	224
100	219
100	205
100	239
100	209
100	201
100	214
100	199
100	204
100	224
100	237
100	212
100	199
100	225
100	200
100	195
100	227
100	221
100	216
100	224
100	212
100	223
100	213
100	209
100	198
100	220
100	200
100	217
100	194
100	222
100	224
100	219
100	197
100	207
100	226
100	198
100	184
100	213
100	214
100	239
100	223
100	228
100	211
100	236
100	211
100	255
100	212
100	212
100	219
100	218
100	245
100	212
100	224
100	213
100	218
100	220
100	222
100	203
100	218
100	216
100	221
100	202
100	224
100	206
100	206
100	223
100	208
100	238
100	237
100	212
100	207
100	221
100	212
100	220
100	199
100	216
100	198
100	208
100	231
100	210
100	216
100	199
100	210
100	213
100	240
100	228
100	218
100	219
100	249
100	197
100	223
100	219
100	189
100	224
100	229
100	227
100	211
100	198
100	207
100	212
100	219
100	225
100	223
100	241
100	222
100	215
100	198
100	230
100	215
100	222
100	216
100	211
100	207
100	213
100	214
100	205
100	200
100	220
100	207
100	230
100	205
100	233
100	185
100	229
100	201
100	224
100	237
100	219
100	218
100	225
100	210
100	204
100	221
100	222
100	223
100	232
100	229
100	215
100	206
100	205
100	205
100	235
100	229
100	223
100	189
100	206
100	236
100	201
100	198
100	226
100	218
100	211
100	224
100	208
100	205
100	195
100	209
100	243
100	214
100	233
100	205
100	232
100	230
100	209
100	217
100	181
100	206
100	234
100	211
100	218
100	214
100	227
100	214
100	230
100	199
100	208
100	216
100	178
100	233
100	217
100	188
100	198
100	230
100	210
100	247
100	227
100	217
100	199
100	240
100	228
100	212
100	196
100	211
100	197
100	233
100	251
100	214
100	219
100	215
100	206
100	239
100	199
100	181
100	208
100	218
100	224
100	219
100	201
100	212
100	209
100	198
100	231
100	219
100	211
100	200
100	231
100	228
100	228
100	217
100	212
100	196
100	220
100	223
100	196
100	222
100	210
100	196
100	238
100	215
100	233
100	207
100	218
100	248
100	212
100	198
100	217
100	217
100	205
100	222
100	214
100	206
100	188
100	222
100	206
100	243
100	225
100	220
100	206
100	229
100	211
100	203
100	224
100	220
100	228
100	215
100	207
100	196
100	216
100	209
100	184
100	216
100	208
100	194
100	182
100	203
100	235
100	204
100	227
100	245
100	213
100	211
100	205
100	199
100	198
100	202
100	228
100	192
100	221
100	224
100	237
100	225
100	217
100	217
100	223
100	213
100	224
100	225
100	225
100	217
100	209
100	218
100	220
100	225
100	211
100	210
100	230
100	219
100	223
100	205
100	188
100	221
100	218
100	212
100	216
100	212
100	212
100	210
100	203
100	209
100	212
100	221
100	198
100	212
100	205
100	216
100	223
100	225
100	231
100	199
100	220
100	215
100	200
100	223
100	221
100	221
100	243
100	203
100	198
100	205
100	232
100	248
100	187
100	220
100	199
100	203
100	227
100	194
100	206
100	226
100	223
100	212
100	237
100	198
100	211
100	216
100	211
100	225
100	194
100	222
100	223
100	211
100	216
100	213
100	219
100	212
100	233
100	218
100	203
100	226
100	223
100	216
100	203
100	210
100	238
100	197
100	199
100	230
100	195
100	226
100	238
100	236
100	188
100	191
100	235
100	208
100	216
100	231
100	229
100	181
100	205
100	223
100	201
100	241
100	232
100	226
100	219
100	213
100	197
100	205
100	213
100	221
100	218
100	211
100	225
100	210
100	213
100	227
100	214
100	205
100	215
100	215
100	229
100	213
100	229
100	187
100	213
100	224
100	207
100	192
100	205
100	218
100	201
100	216
100	213
100	232
100	212
100	237
100	209
100	201
100	210
100	218
100	221
100	215
100	202
100	182
100	186
100	211
100	196
100	210
100	216
100	221
100	220
100	212
100	201
100	198
100	219
100	216
100	203
100	239
100	228
100	236
100	213
100	233
100	235
100	205
100	201
100	232
100	217
100	213
100	230
100	224
100	195
100	228
100	186
100	201
100	237
100	223
100	216
100	208
100	240
100	225
100	215
100	211
100	210
100	199
100	233
100	208
100	202
100	232
100	209
100	217
100	194
100	197
100	224
100	217
100	210
100	225
100	208
100	239
100	204
100	222
100	213
100	241
100	208
100	208
100	204
100	211
100	200
100	224
100	239
100	203
100	203
100	216
100	190
100	221
100	202
100	198
100	238
100	197
100	207
100	241
100	212
100	210
100	208
100	240
100	197
100	221
100	201
100	205
100	233
100	224
100	224
100	218
100	204
100	237
100	209
100	213
100	206
100	214
100	242
100	210
100	220
150	123
150	117
150	92
150	138
150	130
150	131
150	118
150	135
150	110
150	125
150	125
150	129
150	111
150	110
150	142
150	122
150	121
150	109
150	110
150	137
150	131
150	143
150	129
150	125
150	112
150	137
150	112
150	119
150	120
150	118
150	112
150	131
150	126
150	129
150	125
150	122
150	124
150	135
150	149
150	122
150	123
150	111
150	123
150	97
150	137
150	116
150	106
150	137
150	125
150	100
150	140
150	105
150	111
150	115
150	127
150	129
150	138
150	132
150	129
150	123
150	114
150	115
150	129
150	102
150	124
150	111
150	118
150	119
150	115
150	129
150	120
150	120
150	116
150	122
150	123
150	107
150	105
150	102
150	128
150	125
150	110
150	114
150	140
150	136
150	111
150	126
150	146
150	139
150	107
150	143
150	106
150	151
150	114
150	112
150	127
150	123
150	110
150	120
150	117
150	118
150	107
150	110
150	135
150	106
150	117
150	113
150	111
150	139
150	130
150	99
150	127
150	113
150	121
150	111
150	114
150	122
150	124
150	100
150	106
150	115
150	120
150	115
150	123
150	115
150	104
150	127
150	126
150	120
150	118
150	94
150	114
150	131
150	118
150	121
150	116
150	129
150	124
150	121
150	129
150	129
150	129
150	115
150	134
150	129
150	111
150	110
150	111
150	124
150	110
150	126
150	120
150	131
150	136
150	133
150	131
150	126
150	129
150	129
150	118
150	111
150	131
150	122
150	115
150	136
150	108
150	139
150	127
150	110
150	103
150	105
150	136
150	130
150	141
150	122
150	120
150	123
150	143
150	127
150	119
150	123
150	104
150	124
150	117
150	116
150	139
150	115
150	123
150	135
150	112
150	139
150	134
150	104
150	114
150	118
150	123
150	133
150	112
150	116
150	108
150	124
150	120
150	105
150	123
150	101
150	119
150	121
150	131
150	120
150	115
150	119
150	140
150	141
150	111
150	118
150	123
150	120
150	134
150	118
150	120
150	107
150	120
150	117
150	125
150	135
150	156
150	139
150	134
150	136
150	113
150	130
150	128
150	136
150	136
150	121
150	116
150	120
150	136
150	119
150	111
150	132
150	97
150	108
150	120
150	110
150	119
150	116
150	139
150	113
150	130
150	131
150	150
150	110
150	123
150	112
150	119
150	128
150	129
150	136
150	117
150	125
150	134
150	115
150	130
150	115
150	144
150	135
150	138
150	137
150	100
150	115
150	114
150	116
150	107
150	132
150	125
150	110
150	130
150	125
150	120
150	125
150	118
150	116
150	127
150	114
150	120
150	121
150	108
150	117
150	126
150	147
150	126
150	133
150	134
150	129
150	125
150	107
150	105
150	120
150	115
150	113
150	118
150	103
150	109
150	116
150	120
150	113
150	128
150	122
150	115
150	123
150	112
150	116
150	140
150	114
150	126
150	141
150	122
150	120
150	127
150	146
150	130
150	114
150	116
150	116
150	112
150	131
150	139
150	117
150	125
150	129
150	125
150	135
150	131
150	131
150	133
150	122
150	124
150	140
150	127
150	121
150	114
150	125
150	130
150	111
150	130
150	134
150	128
150	136
150	142
150	120
150	130
150	106
150	139
150	138
150	116
150	107
150	124
150	132
150	128
150	109
150	131
150	128
150	122
150	136
150	132
150	130
150	113
150	97
150	133
150	102
150	106
150	120
150	107
150	97
150	117
150	112
150	109
150	118
150	124
150	106
150	124
150	123
150	132
150	139
150	120
150	108
150	105
150	135
150	123
150	115
150	102
150	139
150	126
150	119
150	145
150	132
150	116
150	135
150	144
150	107
150	121
150	121
150	124
150	122
150	143
150	115
150	104
150	114
150	117
150	115
150	113
150	130
150	133
150	142
150	109
150	118
150	109
150	127
150	129
150	109
150	111
150	111
150	115
150	125
150	126
150	123
150	117
150	135
150	132
150	115
150	108
150	125
150	116
150	121
150	96
150	132
150	125
150	120
150	121
150	128
150	133
150	111
150	128
150	129
150	129
150	150
150	116
150	126
150	117
150	144
150	153
150	114
150	127
150	106
150	124
150	128
150	128
150	116
150	118
150	144
150	109
150	133
150	112
150	118
150	120
150	118
150	122
150	125
150	114
150	118
150	113
150	118
150	122
150	114
150	142
150	119
150	125
150	110
150	119
150	129
150	122
150	110
150	113
150	126
150	119
150	124
150	125
150	110
150	114
150	107
150	139
150	136
150	131
150	117
150	130
150	113
150	144
150	125
150	123
150	126
150	133
150	111
150	104
150	137
150	124
150	127
150	121
150	121
150	137
150	118
150	116
150	127
150	130
150	104
150	105
150	130
150	107
150	116
150	110
150	106
150	143
150	113
150	131
150	128
150	138
150	119
150	129
150	128
150	102
150	144
150	136
150	145
150	125
150	130
150	124
150	120
150	122
150	122
150	122
150	119
150	120
150	142
150	102
150	108
150	123
150	111
150	114
150	131
150	134
150	140
150	95
150	115
150	112
150	128
150	128
150	117
150	125
150	118
150	129
150	103
150	115
150	125
150	114
150	117
150	119
150	106
150	117
150	106
150	113
150	133
150	109
150	132
150	118
150	131
150	118
150	128
150	113
150	119
150	123
150	129
150	136
150	112
150	139
150	103
150	121
150	122
150	118
150	134
150	136
150	135
150	136
150	132
150	136
150	145
150	132
150	124
150	125
150	114
150	137
150	131
150	122
150	129
150	101
150	135
150	119
150	125
150	117
150	102
150	120
150	125
150	134
150	126
150	123
150	94
150	135
150	116
150	122
150	118
150	112
150	112
150	123
150	127
150	115
150	114
150	130
150	125
150	131
150	110
150	130
150	114
150	127
150	118
150	122
150	126
150	113
150	118
150	156
150	118
150	138
150	118
150	126
150	116
150	128
150	102
150	132
150	145
150	123
150	114
150	115
150	140
150	116
150	135
150	131
150	113
150	110
150	133
150	105
150	120
150	114
150	119
150	126
150	127
150	134
150	120
150	129
150	131
150	125
150	121
150	116
150	119
150	104
150	105
150	105
150	106
150	129
150	136
150	135
150	130
150	123
150	117
150	103
150	141
150	116
150	123
150	136
150	136
150	117
150	136
150	134
150	119
150	122
150	131
150	124
150	112
150	133
150	122
150	123
150	113
150	117
150	113
150	116
150	120
150	122
150	128
150	100
150	127
150	116
150	127
150	103
150	135
150	119
150	127
150	140
150	109
150	110
150	128
150	114
150	135
150	118
150	110
150	111
150	106
150	121
150	115
150	132
150	129
150	119
150	107
150	131
150	119
150	118
150	123
150	130
150	142
150	125
150	123
150	134
150	120
150	117
150	112
150	119
150	106
150	117
150	135
150	126
150	127
150	108
150	107
150	134
150	122
150	135
150	134
150	128
150	111
150	140
150	103
150	120
150	116
150	97
150	132
150	127
150	142
150	127
150	156
150	113
150	132
150	100
150	122
150	130
150	112
150	106
150	141
150	131
150	134
150	145
150	110
150	122
150	128
150	122
150	144
150	128
150	126
150	133
150	119
150	111
150	116
150	118
150	104
150	127
150	136
150	118
150	142
150	116
150	111
150	129
150	101
150	116
150	118
150	125
150	102
150	117
150	138
150	132
150	137
150	120
150	128
150	110
150	108
150	137
150	141
150	122
150	153
150	123
150	116
150	137
150	114
150	114
150	118
150	126
150	127
150	122
150	119
150	130
150	123
150	127
150	133
150	121
150	127
150	116
150	118
150	124
150	122
150	132
150	127
150	134
150	136
150	115
150	131
150	119
150	117
150	118
150	132
150	131
150	123
150	113
150	113
150	115
150	119
150	147
150	106
150	148
150	116
150	124
150	122
150	105
150	136
150	121
150	116
150	119
150	132
150	119
150	121
150	119
150	120
150	133
150	119
150	138
150	126
150	149
150	114
150	112
150	116
150	114
150	116
150	126
150	140
150	119
150	122
150	108
150	121
150	149
150	113
150	133
150	128
150	133
150	113
150	131
150	148
150	140
150	118
150	117
150	108
150	130
150	129
150	123
150	125
150	122
150	140
150	127
150	133
150	112
150	122
150	123
150	109
150	107
150	108
150	139
150	117
150	114
150	107
150	108
150	130
150	129
150	124
150	123
150	115
150	123
150	109
150	137
150	126
150	118
150	116
150	107
150	111
150	130
150	103
150	123
150	114
150	92
150	108
150	120
150	138
150	129
150	130
150	120
150	114
150	125
150	119
150	131
150	134
150	122
150	92
150	123
150	120
150	115
150	109
150	134
150	111
150	107
150	125
150	133
150	131
150	120
150	143
150	113
150	118
150	118
150	120
150	118
150	112
150	119
150	111
150	129
150	161
150	125
150	106
150	122
150	128
150	116
150	124
150	110
150	113
150	121
150	124
150	117
150	133
150	117
150	129
150	121
150	114
150	117
150	117
150	97
150	136
150	117
150	133
150	119
150	118
150	116
150	123
150	119
150	115
150	141
150	120
150	124
150	142
150	134
150	121
150	99
150	114
200	71
200	87
200	63
200	73
200	63
200	78
200	84
200	68
200	68
200	56
200	65
200	63
200	67
200	71
200	77
200	71
200	78
200	76
200	77
200	76
200	90
200	79
200	70
200	83
200	70
200	63
200	80
200	71
200	66
200	73
200	64
200	71
200	70
200	83
200	69
200	62
200	69
200	67
200	58
200	62
200	84
200	69
200	84
200	94
200	85
200	73
200	75
200	66
200	51
200	73
200	76
200	72
200	70
200	74
200	75
200	80
200	73
200	80
200	75
200	75
200	71
200	70
200	74
200	77
200	67
200	67
200	64
200	78
200	66
200	68
200	73
200	66
200	68
200	69
200	68
200	81
200	69
200	59
200	70
200	64
200	72
200	52
200	54
200	69
200	67
200	79
200	72
200	82
200	71
200	60
200	82
200	76
200	74
200	78
200	60
200	62
200	81
200	69
200	86
200	98
200	63
200	81
200	67
200	76
200	62
200	70
200	61
200	69
200	76
200	79
200	69
200	80
200	86
200	67
200	68
200	70
200	67
200	76
200	67
200	65
200	74
200	72
200	78
200	76
200	75
200	69
200	76
200	85
200	76
200	78
200	71
200	83
200	78
200	89
200	85
200	67
200	86
200	78
200	82
200	72
200	72
200	77
200	78
200	79
200	66
200	71
200	87
200	76
200	78
200	81
200	70
200	79
200	55
200	58
200	77
200	71
200	72
200	72
200	74
200	64
200	61
200	80
200	78
200	70
200	74
200	67
200	92
200	70
200	78
200	77
200	90
200	70
200	74
200	73
200	62
200	57
200	64
200	81
200	74
200	58
200	51
200	75
200	57
200	71
200	82
200	79
200	80
200	92
200	59
200	69
200	64
200	81
200	73
200	75
200	84
200	69
200	84
200	88
200	65
200	81
200	63
200	86
200	63
200	68
200	93
200	71
200	87
200	72
200	66
200	56
200	72
200	80
200	63
200	75
200	62
200	57
200	68
200	77
200	77
200	70
200	78
200	77
200	81
200	65
200	72
200	64
200	71
200	69
200	78
200	80
200	71
200	68
200	74
200	69
200	80
200	72
200	65
200	77
200	90
200	81
200	65
200	81
200	67
200	82
200	87
200	82
200	75
200	68
200	71
200	69
200	80
200	69
200	65
200	74
200	77
200	59
200	70
200	80
200	64
200	70
200	80
200	80
200	69
200	64
200	72
200	82
200	73
200	68
200	82
200	73
200	80
200	79
200	75
200	73
200	81
200	68
200	76
200	87
200	54
200	81
200	57
200	71
200	84
200	56
200	78
200	81
200	71
200	59
200	75
200	87
200	82
200	78
200	68
200	68
200	89
200	91
200	78
200	60
200	74
200	72
200	64
200	67
200	64
200	73
200	75
200	73
200	67
200	73
200	72
200	82
200	63
200	69
200	69
200	58
200	65
200	85
200	91
200	76
200	79
200	78
200	70
200	86
200	64
200	68
200	71
200	67
200	87
200	60
200	87
200	101
200	80
200	90
200	77
200	64
200	74
200	82
200	86
200	74
200	67
200	68
200	69
200	75
200	73
200	70
200	72
200	75
200	64
200	75
200	81
200	72
200	58
200	74
200	84
200	80
200	76
200	85
200	74
200	67
200	83
200	70
200	84
200	65
200	62
200	79
200	78
200	70
200	69
200	71
200	69
200	82
200	77
200	78
200	67
200	66
200	68
200	68
200	69
200	63
200	50
200	74
200	78
200	78
200	84
200	66
200	71
200	85
200	67
200	82
200	65
200	79
200	64
200	72
200	67
200	77
200	58
200	69
200	66
200	78
200	91
200	78
200	74
200	62
200	71
200	85
200	89
200	68
200	90
200	75
200	68
200	82
200	88
200	70
200	68
200	65
200	80
200	65
200	79
200	82
200	74
200	78
200	61
200	64
200	71
200	61
200	81
200	70
200	74
200	71
200	67
200	80
200	56
200	68
200	76
200	76
200	73
200	78
200	69
200	72
200	74
200	76
200	74
200	77
200	86
200	93
200	86
200	75
200	88
200	83
200	72
200	66
200	61
200	74
200	72
200	77
200	77
200	80
200	70
200	77
200	77
200	73
200	71
200	65
200	79
200	83
200	57
200	58
200	64
200	77
200	75
200	77
200	89
200	75
200	72
200	87
200	71
200	71
200	62
200	76
200	77
200	61
200	62
200	72
200	60
200	71
200	61
200	62
200	67
200	78
200	74
200	64
200	76
200	66
200	84
200	70
200	59
200	84
200	79
200	72
200	73
200	76
200	84
200	79
200	64
200	74
200	57
200	74
200	78
200	84
200	85
200	75
200	79
200	84
200	81
200	69
200	70
200	70
200	70
200	73
200	74
200	63
200	85
200	72
200	65
200	66
200	68
200	66
200	66
200	88
200	79
200	70
200	58
200	67
200	63
200	69
200	57
200	62
200	54
200	65
200	77
200	67
200	81
200	64
200	63
200	69
200	59
200	74
200	83
200	84
200	68
200	73
200	83
200	73
200	70
200	73
200	61
200	86
200	82
200	83
200	64
200	79
200	72
200	70
200	83
200	88
200	70
200	65
200	96
200	73
200	68
200	79
200	64
200	50
200	68
200	68
200	63
200	74
200	80
200	68
200	72
200	63
200	63
200	82
200	64
200	73
200	77
200	73
200	65
200	84
200	75
200	70
200	70
200	68
200	80
200	57
200	72
200	72
200	80
200	67
200	77
200	82
200	62
200	57
200	74
200	74
200	59
200	75
200	81
200	68
200	81
200	77
200	65
200	68
200	67
200	74
200	75
200	73
200	72
200	84
200	67
200	77
200	82
200	77
200	68
200	67
200	73
200	77
200	74
200	79
200	59
200	70
200	74
200	76
200	79
200	88
200	69
200	71
200	68
200	69
200	57
200	75
200	57
200	68
200	72
200	83
200	85
200	67
200	77
200	79
200	50
200	74
200	100
200	72
200	79
200	76
200	79
200	68
200	74
200	59
200	55
200	70
200	52
200	65
200	64
200	61
200	75
200	81
200	69
200	60
200	65
200	74
200	57
200	56
200	71
200	75
200	70
200	66
200	68
200	89
200	59
200	92
200	76
200	70
200	73
200	80
200	76
200	73
200	70
200	84
200	74
200	69
200	76
200	88
200	75
200	63
200	80
200	83
200	62
200	100
200	61
200	65
200	83
200	67
200	73
200	73
200	65
200	67
200	91
200	79
200	69
200	69
200	70
200	77
200	62
200	61
200	65
200	78
200	62
200	80
200	78
200	68
200	57
200	65
200	78
200	60
200	69
200	59
200	79
200	65
200	65
200	75
200	62
200	73
200	74
200	71
200	58
200	76
200	89
200	72
200	81
200	60
200	72
200	71
200	75
200	57
200	86
200	74
200	72
200	58
200	85
200	71
200	49
200	67
200	63
200	61
200	80
200	78
200	83
200	68
200	84
200	76
200	61
200	80
200	72
200	69
200	67
200	64
200	78
200	85
200	67
200	62
200	54
200	75
200	60
200	67
200	68
200	55
200	57
200	76
200	59
200	65
200	62
200	71
200	72
200	77
200	87
200	62
200	73
200	64
200	70
200	75
200	69
200	80
200	83
200	79
200	65
200	74
200	66
200	73
200	68
200	78
200	83
200	75
200	61
200	75
200	70
200	84
200	68
200	84
200	63
200	72
200	74
200	60
200	79
200	71
200	85
200	78
200	77
200	77
200	70
200	76
200	66
200	71
200	79
200	58
200	65
200	87
200	73
200	62
200	82
200	70
200	74
200	63
200	66
200	79
200	81
200	78
200	66
200	67
200	68
200	66
200	87
200	68
200	67
200	76
200	72
200	68
200	73
200	69
200	63
200	76
200	71
200	90
200	68
200	85
200	63
200	67
200	61
200	74
200	76
200	85
200	65
200	82
200	79
200	62
200	63
200	85
200	76
200	85
200	60
200	81
200	85
200	75
200	77
200	81
200	62
200	69
200	77
200	79
200	64
200	76
200	91
200	58
200	71
200	72
200	83
200	75
200	68
200	72
200	73
200	55
200	73
200	71
200	64
200	77
200	64
200	98
200	68
200	76
200	73
200	72
200	64
200	72
200	70
200	76
200	69
200	68
200	57
200	68
200	86
200	70
200	82
200	83
200	69
200	80
200	70
200	72
200	75
200	67
200	62
200	65
200	77
200	67
200	82
200	67
200	52
200	77
200	76
200	76
200	77
200	80
200	67
200	73
200	89
200	63
200	82
200	71
200	70
200	62
200	85
200	82
200	77
200	71
200	69
200	80
200	61
200	86
200	73
200	74
200	63
200	76
200	57
200	68
200	82
200	68
200	64
200	66
200	79
200	87
200	69
200	72
200	68
200	61
200	79
200	80
200	76
200	75
200	80
200	76
200	71
200	86
200	72
200	63
200	64
200	72
200	70
200	68
200	76
200	84
200	72
200	71
200	77
200	80
200	75
200	64
200	73
200	74
200	61
200	76
200	75
200	87
200	76
200	79
200	69
200	66
200	86
200	70
200	82
200	84
200	71
200	80
250	54
250	41
250	33
250	47
250	58
250	39
250	46
250	40
250	42
250	40
250	41
250	49
250	33
250	46
250	41
250	46
250	51
250	54
250	44
250	48
250	46
250	30
250	50
250	54
250	41
250	53
250	47
250	49
250	30
250	33
250	43
250	49
250	43
250	49
250	48
250	58
250	42
250	37
250	35
250	44
250	38
250	36
250	32
250	37
250	53
250	43
250	39
250	45
250	46
250	57
250	34
250	40
250	40
250	46
250	39
250	43
250	52
250	55
250	32
250	47
250	41
250	38
250	31
250	37
250	40
250	34
250	42
250	42
250	42
250	44
250	40
250	45
250	53
250	33
250	47
250	45
250	44
250	45
250	45
250	38
250	38
250	51
250	45
250	34
250	41
250	52
250	56
250	33
250	40
250	36
250	39
250	48
250	53
250	48
250	45
250	48
250	36
250	44
250	38
250	45
250	31
250	53
250	46
250	43
250	40
250	38
250	38
250	41
250	47
250	32
250	62
250	56
250	50
250	47
250	50
250	29
250	40
250	51
250	40
250	45
250	38
250	43
250	48
250	50
250	41
250	47
250	46
250	45
250	39
250	49
250	44
250	40
250	51
250	47
250	47
250	47
250	47
250	42
250	44
250	46
250	43
250	45
250	40
250	48
250	37
250	55
250	44
250	43
250	65
250	36
250	37
250	31
250	45
250	53
250	29
250	45
250	56
250	45
250	52
250	52
250	58
250	51
250	42
250	41
250	45
250	40
250	41
250	46
250	52
250	31
250	49
250	39
250	39
250	40
250	51
250	49
250	47
250	44
250	48
250	48
250	45
250	55
250	51
250	46
250	35
250	45
250	39
250	45
250	45
250	38
250	46
250	53
250	41
250	45
250	51
250	43
250	45
250	39
250	41
250	45
250	38
250	39
250	49
250	45
250	33
250	42
250	52
250	38
250	43
250	37
250	48
250	32
250	46
250	39
250	46
250	48
250	48
250	51
250	49
250	51
250	47
250	42
250	43
250	44
250	47
250	41
250	40
250	37
250	35
250	41
250	55
250	46
250	39
250	43
250	42
250	49
250	43
250	49
250	44
250	43
250	53
250	40
250	49
250	37
250	42
250	44
250	45
250	29
250	51
250	38
250	41
250	32
250	45
250	44
250	54
250	35
250	47
250	42
250	37
250	40
250	52
250	41
250	31
250	41
250	60
250	44
250	51
250	60
250	48
250	53
250	54
250	39
250	55
250	52
250	38
250	44
250	30
250	37
250	47
250	48
250	47
250	42
250	34
250	38
250	49
250	58
250	38
250	46
250	46
250	53
250	50
250	54
250	45
250	38
250	50
250	50
250	33
250	30
250	44
250	50
250	44
250	51
250	46
250	46
250	43
250	45
250	57
250	44
250	41
250	49
250	40
250	58
250	57
250	39
250	46
250	42
250	46
250	44
250	48
250	44
250	48
250	54
250	46
250	36
250	47
250	41
250	44
250	54
250	51
250	46
250	39
250	39
250	53
250	56
250	51
250	53
250	45
250	49
250	43
250	49
250	45
250	37
250	44
250	55
250	41
250	39
250	51
250	43
250	49
250	50
250	52
250	39
250	32
250	49
250	50
250	47
250	42
250	37
250	52
250	49
250	34
250	43
250	42
250	43
250	49
250	45
250	34
250	41
250	50
250	47
250	44
250	37
250	41
250	44
250	32
250	38
250	39
250	61
250	42
250	39
250	50
250	44
250	45
250	39
250	40
250	43
250	47
250	44
250	45
250	52
250	49
250	44
250	42
250	48
250	54
250	39
250	48
250	37
250	45
250	60
250	50
250	44
250	42
250	56
250	51
250	39
250	52
250	49
250	44
250	55
250	37
250	54
250	37
250	49
250	41
250	49
250	46
250	43
250	31
250	48
250	37
250	44
250	41
250	38
250	49
250	49
250	41
250	34
250	47
250	34
250	47
250	47
250	54
250	38
250	44
250	60
250	41
250	44
250	44
250	43
250	38
250	34
250	51
250	53
250	56
250	41
250	41
250	50
250	48
250	49
250	50
250	47
250	44
250	36
250	37
250	37
250	49
250	43
250	41
250	37
250	42
250	37
250	40
250	37
250	43
250	46
250	46
250	49
250	51
250	45
250	55
250	49
250	37
250	44
250	38
250	49
250	42
250	39
250	40
250	33
250	47
250	50
250	38
250	51
250	35
250	40
250	32
250	44
250	39
250	38
250	58
250	37
250	49
250	38
250	50
250	41
250	43
250	50
250	47
250	42
250	42
250	40
250	46
250	39
250	40
250	45
250	44
250	42
250	34
250	47
250	62
250	41
250	46
250	37
250	48
250	36
250	43
250	49
250	51
250	50
250	46
250	37
250	50
250	56
250	34
250	39
250	48
250	61
250	53
250	43
250	42
250	48
250	36
250	43
250	35
250	44
250	44
250	44
250	48
250	43
250	54
250	41
250	41
250	38
250	33
250	44
250	42
250	47
250	40
250	48
250	47
250	43
250	42
250	51
250	35
250	41
250	46
250	42
250	39
250	50
250	54
250	54
250	32
250	35
250	47
250	42
250	48
250	43
250	54
250	50
250	38
250	46
250	44
250	41
250	45
250	47
250	42
250	46
250	51
250	50
250	59
250	43
250	44
250	27
250	38
250	52
250	50
250	49
250	44
250	49
250	41
250	49
250	39
250	43
250	36
250	34
250	41
250	51
250	44
250	43
250	46
250	48
250	53
250	41
250	43
250	43
250	47
250	56
250	42
250	52
250	37
250	38
250	47
250	53
250	35
250	33
250	46
250	49
250	35
250	48
250	42
250	45
250	52
250	41
250	51
250	31
250	43
250	45
250	54
250	40
250	39
250	44
250	45
250	39
250	30
250	45
250	37
250	50
250	49
250	42
250	43
250	42
250	40
250	33
250	49
250	48
250	43
250	34
250	38
250	49
250	48
250	45
250	41
250	54
250	52
250	43
250	36
250	40
250	42
250	57
250	44
250	40
250	47
250	41
250	51
250	43
250	49
250	56
250	47
250	46
250	48
250	47
250	36
250	55
250	49
250	54
250	41
250	34
250	49
250	44
250	44
250	42
250	40
250	41
250	42
250	36
250	54
250	56
250	43
250	30
250	39
250	43
250	32
250	39
250	47
250	41
250	44
250	47
250	33
250	54
250	39
250	42
250	36
250	26
250	39
250	49
250	40
250	41
250	46
250	49
250	33
250	43
250	38
250	41
250	52
250	41
250	45
250	49
250	29
250	42
250	38
250	45
250	39
250	48
250	49
250	47
250	39
250	33
250	50
250	44
250	41
250	44
250	69
250	38
250	58
250	43
250	42
250	42
250	49
250	50
250	54
250	52
250	35
250	44
250	34
250	34
250	42
250	40
250	41
250	41
250	43
250	55
250	45
250	44
250	30
250	48
250	46
250	45
250	49
250	50
250	43
250	43
250	46
250	51
250	50
250	40
250	43
250	45
250	38
250	35
250	61
250	48
250	45
250	44
250	29
250	58
250	43
250	42
250	42
250	46
250	39
250	54
250	47
250	39
250	53
250	46
250	51
250	49
250	38
250	44
250	40
250	48
250	47
250	37
250	45
250	38
250	39
250	37
250	45
250	45
250	41
250	43
250	46
250	47
250	43
250	42
250	41
250	48
250	52
250	44
250	44
250	48
250	52
250	52
250	50
250	46
250	40
250	36
250	55
250	47
250	52
250	39
250	51
250	33
250	38
250	54
250	46
250	44
250	52
250	26
250	48
250	52
250	46
250	43
250	35
250	44
250	55
250	42
250	41
250	46
250	52
250	53
250	46
250	41
250	43
250	46
250	43
250	35
250	43
250	43
250	40
250	45
250	37
250	46
250	39
250	47
250	43
250	56
250	48
250	41
250	46
250	47
250	39
250	45
250	41
250	49
250	44
250	36
250	41
250	42
250	46
250	42
250	49
250	47
250	41
250	41
250	46
250	41
250	44
250	45
250	45
250	38
250	48
250	49
250	41
250	38
250	39
250	43
250	56
250	29
250	52
250	42
250	45
250	31
250	37
250	43
250	45
250	52
250	38
250	39
250	48
250	46
250	57
250	45
250	46
250	50
250	51
250	45
250	48
250	55
250	47
250	40
250	47
250	52
250	50
250	39
250	51
250	53
250	46
250	35
250	39
250	38
250	56
250	33
250	43
250	43
250	42
250	44
250	47
250	43
250	51
250	37
250	44
250	45
250	30
250	38
250	48
250	51
250	35
250	40
250	51
250	37
250	63
250	57
250	41
250	49
250	57
250	49
250	54
250	44
250	35
250	45
250	52
250	44
250	33
250	40
250	59
250	31
250	46
250	34
250	46
250	38
250	45
250	46
250	44
250	45
250	33
250	41
250	40
250	50
250	44
250	45
250	45
250	38
250	41
250	52
250	51
250	59
250	45
250	54
250	43
250	38
250	38
250	38
250	48
250	35
250	50
250	39
250	33
250	44
250	49
250	50
250	44
250	51
250	38
250	49
250	32
250	36
250	35
250	43
300	21
300	23
300	35
300	24
300	28
300	15
300	29
300	21
300	22
300	17
300	25
300	29
300	26
300	28
300	22
300	29
300	19
300	17
300	27
300	21
300	23
300	17
300	26
300	25
300	25
300	20
300	23
300	33
300	21
300	23
300	22
300	23
300	20
300	21
300	22
300	19
300	17
300	22
300	31
300	29
300	19
300	18
300	22
300	23
300	25
300	26
300	36
300	31
300	18
300	22
300	21
300	22
300	16
300	25
300	20
300	22
300	27
300	22
300	18
300	18
300	21
300	19
300	25
300	26
300	17
300	26
300	21
300	15
300	27
300	19
300	22
300	12
300	28
300	17
300	31
300	30
300	21
300	25
300	24
300	19
300	24
300	10
300	26
300	21
300	18
300	14
300	29
300	28
300	20
300	20
300	28
300	13
300	26
300	20
300	16
300	20
300	29
300	39
300	20
300	23
300	12
300	15
300	18
300	26
300	19
300	28
300	24
300	23
300	33
300	25
300	18
300	19
300	29
300	16
300	26
300	28
300	22
300	25
300	36
300	17
300	18
300	25
300	20
300	23
300	30
300	20
300	23
300	25
300	32
300	33
300	31
300	20
300	16
300	28
300	15
300	27
300	21
300	23
300	26
300	20
300	18
300	25
300	24
300	31
300	30
300	24
300	25
300	21
300	29
300	26
300	23
300	19
300	27
300	18
300	23
300	27
300	32
300	17
300	30
300	24
300	22
300	27
300	30
300	21
300	29
300	33
300	20
300	27
300	29
300	25
300	28
300	25
300	20
300	29
300	14
300	32
300	27
300	22
300	28
300	23
300	25
300	15
300	21
300	27
300	20
300	17
300	22
300	17
300	24
300	16
300	23
300	27
300	24
300	23
300	15
300	23
300	28
300	15
300	27
300	28
300	29
300	27
300	35
300	31
300	21
300	25
300	31
300	22
300	16
300	23
300	23
300	14
300	21
300	16
300	31
300	29
300	24
300	25
300	17
300	28
300	24
300	19
300	21
300	22
300	20
300	20
300	16
300	26
300	23
300	24
300	35
300	22
300	26
300	24
300	18
300	27
300	22
300	20
300	21
300	18
300	23
300	26
300	23
300	20
300	22
300	27
300	17
300	22
300	19
300	22
300	29
300	21
300	24
300	12
300	11
300	21
300	18
300	23
300	24
300	20
300	18
300	25
300	30
300	28
300	31
300	26
300	24
300	25
300	22
300	26
300	24
300	20
300	31
300	30
300	27
300	21
300	19
300	17
300	20
300	21
300	23
300	16
300	18
300	23
300	30
300	25
300	20
300	25
300	15
300	18
300	28
300	17
300	19
300	24
300	28
300	25
300	19
300	30
300	24
300	15
300	27
300	20
300	8
300	22
300	26
300	33
300	28
300	21
300	32
300	23
300	17
300	25
300	20
300	15
300	19
300	22
300	29
300	26
300	21
300	20
300	23
300	21
300	20
300	23
300	22
300	23
300	23
300	21
300	26
300	30
300	24
300	17
300	21
300	24
300	18
300	24
300	31
300	22
300	28
300	36
300	24
300	28
300	19
300	21
300	30
300	25
300	30
300	26
300	23
300	23
300	31
300	21
300	20
300	22
300	22
300	25
300	25
300	23
300	31
300	24
300	14
300	29
300	21
300	22
300	19
300	16
300	39
300	29
300	23
300	14
300	18
300	27
300	25
300	26
300	22
300	28
300	16
300	31
300	31
300	23
300	29
300	26
300	12
300	21
300	21
300	21
300	31
300	19
300	32
300	22
300	29
300	17
300	22
300	22
300	32
300	20
300	30
300	18
300	21
300	31
300	26
300	26
300	26
300	21
300	24
300	38
300	17
300	26
300	33
300	21
300	23
300	24
300	27
300	20
300	30
300	25
300	33
300	27
300	24
300	23
300	22
300	20
300	24
300	18
300	32
300	26
300	27
300	21
300	20
300	17
300	17
300	17
300	25
300	24
300	19
300	21
300	26
300	25
300	28
300	21
300	22
300	25
300	18
300	31
300	30
300	17
300	20
300	29
300	20
300	20
300	26
300	34
300	28
300	28
300	17
300	21
300	41
300	26
300	16
300	17
300	16
300	29
300	31
300	21
300	29
300	22
300	19
300	25
300	23
300	28
300	22
300	19
300	21
300	18
300	18
300	27
300	24
300	24
300	20
300	23
300	25
300	27
300	28
300	20
300	20
300	16
300	26
300	25
300	16
300	27
300	25
300	28
300	34
300	23
300	28
300	22
300	31
300	23
300	13
300	24
300	18
300	18
300	20
300	16
300	25
300	25
300	27
300	30
300	24
300	25
300	25
300	28
300	23
300	23
300	16
300	19
300	23
300	28
300	25
300	28
300	30
300	23
300	14
300	23
300	28
300	22
300	20
300	34
300	13
300	19
300	26
300	24
300	17
300	15
300	33
300	22
300	29
300	26
300	27
300	18
300	20
300	28
300	15
300	25
300	32
300	20
300	25
300	26
300	21
300	22
300	30
300	20
300	36
300	27
300	20
300	26
300	27
300	26
300	28
300	20
300	31
300	28
300	33
300	22
300	19
300	20
300	26
300	25
300	23
300	18
300	29
300	29
300	14
300	14
300	34
300	24
300	24
300	24
300	22
300	29
300	16
300	22
300	25
300	27
300	34
300	23
300	16
300	19
300	19
300	18
300	34
300	21
300	29
300	44
300	23
300	23
300	23
300	27
300	34
300	15
300	17
300	26
300	23
300	12
300	22
300	25
300	24
300	18
300	24
300	23
300	18
300	23
300	31
300	33
300	23
300	23
300	22
300	18
300	27
300	20
300	25
300	33
300	24
300	17
300	15
300	30
300	20
300	25
300	19
300	20
300	34
300	21
300	29
300	19
300	21
300	16
300	22
300	18
300	30
300	20
300	24
300	23
300	34
300	19
300	24
300	16
300	12
300	20
300	25
300	16
300	26
300	21
300	17
300	20
300	27
300	28
300	23
300	17
300	19
300	21
300	27
300	33
300	23
300	17
300	30
300	33
300	18
300	22
300	16
300	18
300	29
300	17
300	28
300	23
300	26
300	31
300	29
300	31
300	18
300	19
300	15
300	26
300	19
300	16
300	28
300	17
300	22
300	24
300	28
300	23
300	19
300	19
300	23
300	21
300	13
300	23
300	23
300	18
300	30
300	8
300	18
300	24
300	20
300	23
300	27
300	22
300	18
300	21
300	28
300	24
300	20
300	20
300	25
300	25
300	47
300	29
300	26
300	29
300	25
300	29
300	34
300	33
300	23
300	16
300	24
300	26
300	17
300	25
300	27
300	26
300	23
300	21
300	21
300	29
300	20
300	20
300	22
300	20
300	22
300	27
300	17
300	23
300	12
300	18
300	19
300	22
300	32
300	20
300	23
300	28
300	31
300	28
300	18
300	22
300	26
300	29
300	25
300	27
300	25
300	21
300	38
300	21
300	23
300	17
300	20
300	21
300	23
300	29
300	14
300	23
300	18
300	23
300	23
300	27
300	24
300	29
300	27
300	23
300	22
300	24
300	25
300	31
300	26
300	21
300	20
300	25
300	22
300	14
300	26
300	26
300	21
300	22
300	29
300	19
300	18
300	28
300	27
300	21
300	28
300	19
300	24
300	20
300	27
300	25
300	16
300	13
300	28
300	23
300	20
300	30
300	23
300	26
300	30
300	27
300	17
300	20
300	23
300	29
300	30
300	26
300	20
300	18
300	21
300	25
300	24
300	31
300	33
300	22
300	23
300	21
300	20
300	25
300	25
300	24
300	22
300	21
300	31
300	23
300	25
300	24
300	29
300	19
300	22
300	27
300	21
300	31
300	32
300	36
300	14
300	31
300	25
300	26
300	17
300	18
300	16
300	23
300	19
300	23
300	25
300	21
300	32
300	24
300	25
300	17
300	23
300	21
300	20
300	21
300	21
300	19
300	19
300	24
300	34
300	27
300	22
300	23
300	21
300	21
300	27
300	29
300	23
300	22
300	21
300	29
300	24
300	27
300	23
300	18
300	27
300	12
300	32
300	30
300	25
300	25
300	22
300	17
300	22
300	22
300	22
300	16
300	22
300	23
300	28
300	23
300	28
300	25
300	26
300	31
300	17
300	27
300	18
300	19
300	23
300	30
300	25
300	24
300	24
300	23
300	23
300	29
300	26
300	27
300	26
300	18
300	26
300	27
300	30
300	21
300	14
300	27
300	23
300	29
300	13
300	24
300	17
300	22
300	17
300	16
300	20
300	19
300	28
300	31
300	29
300	23
300	24
300	29
300	19
300	22
300	23
300	23
300	29
300	25
300	11
300	28
300	21
300	19
300	23
300	28
300	24
300	28
300	17
300	28
300	28
300	16
300	21
300	22
300	23
300	26
300	20
300	23
300	17
300	26
300	23
300	16
300	34
300	15
300	27
300	24
300	21
300	23
300	24
300	21
300	21
300	27
300	33
300	21
300	20
300	23
300	17
300	24
300	19
300	27
300	24
300	22
300	15
300	28
300	25
300	28
300	31
300	24
350	12
350	13
350	9
350	10
350	12
350	11
350	8
350	8
350	8
350	12
350	6
350	10
350	12
350	14
350	14
350	9
350	12
350	12
350	8
350	11
350	13
350	11
350	5
350	11
350	8
350	13
350	14
350	10
350	9
350	12
350	10
350	15
350	13
350	16
350	15
350	7
350	10
350	10
350	12
350	13
350	13
350	10
350	9
350	13
350	10
350	8
350	6
350	13
350	10
350	8
350	13
350	13
350	9
350	9
350	10
350	13
350	17
350	11
350	10
350	10
350	7
350	7
350	13
350	6
350	8
350	10
350	16
350	10
350	10
350	19
350	12
350	6
350	8
350	9
350	11
350	7
350	8
350	13
350	14
350	17
350	14
350	15
350	11
350	11
350	8
350	12
350	12
350	16
350	8
350	8
350	10
350	12
350	9
350	8
350	11
350	14
350	9
350	9
350	10
350	7
350	16
350	5
350	10
350	8
350	15
350	14
350	14
350	10
350	20
350	10
350	13
350	10
350	10
350	10
350	11
350	8
350	18
350	8
350	8
350	11
350	5
350	19
350	11
350	12
350	12
350	9
350	6
350	7
350	11
350	12
350	12
350	12
350	10
350	12
350	12
350	17
350	12
350	10
350	13
350	14
350	10
350	14
350	8
350	8
350	10
350	7
350	10
350	10
350	17
350	13
350	6
350	9
350	16
350	8
350	5
350	8
350	14
350	11
350	12
350	12
350	10
350	3
350	16
350	9
350	7
350	8
350	11
350	4
350	14
350	9
350	16
350	4
350	15
350	14
350	10
350	11
350	7
350	8
350	7
350	12
350	8
350	2
350	8
350	10
350	5
350	9
350	13
350	13
350	10
350	14
350	7
350	12
350	5
350	10
350	9
350	14
350	17
350	9
350	11
350	6
350	14
350	12
350	14
350	5
350	8
350	9
350	11
350	7
350	15
350	15
350	6
350	13
350	5
350	14
350	6
350	12
350	19
350	10
350	9
350	11
350	9
350	7
350	14
350	15
350	10
350	12
350	14
350	11
350	12
350	8
350	7
350	7
350	12
350	15
350	10
350	10
350	6
350	9
350	8
350	12
350	11
350	8
350	10
350	10
350	9
350	10
350	8
350	12
350	14
350	8
350	12
350	7
350	7
350	11
350	8
350	7
350	10
350	10
350	8
350	9
350	6
350	8
350	18
350	7
350	16
350	16
350	10
350	11
350	5
350	8
350	12
350	10
350	8
350	14
350	15
350	8
350	11
350	17
350	12
350	8
350	11
350	13
350	11
350	14
350	8
350	12
350	15
350	11
350	11
350	12
350	14
350	12
350	8
350	7
350	14
350	12
350	9
350	9
350	6
350	15
350	13
350	6
350	13
350	10
350	9
350	11
350	15
350	11
350	18
350	15
350	7
350	17
350	5
350	8
350	16
350	9
350	17
350	10
350	12
350	17
350	14
350	17
350	10
350	18
350	9
350	7
350	7
350	11
350	11
350	11
350	12
350	9
350	6
350	13
350	9
350	10
350	13
350	12
350	16
350	22
350	8
350	10
350	10
350	12
350	6
350	8
350	9
350	10
350	16
350	10
350	14
350	12
350	13
350	13
350	13
350	10
350	14
350	9
350	12
350	12
350	9
350	6
350	13
350	10
350	9
350	9
350	20
350	11
350	13
350	10
350	13
350	7
350	11
350	11
350	10
350	15
350	8
350	10
350	6
350	9
350	7
350	11
350	15
350	13
350	14
350	9
350	9
350	12
350	8
350	10
350	12
350	10
350	13
350	11
350	12
350	17
350	7
350	13
350	12
350	14
350	10
350	20
350	14
350	6
350	12
350	15
350	4
350	5
350	16
350	11
350	4
350	7
350	10
350	18
350	9
350	7
350	12
350	6
350	16
350	5
350	15
350	11
350	13
350	13
350	14
350	7
350	12
350	14
350	18
350	10
350	14
350	12
350	19
350	12
350	9
350	15
350	15
350	9
350	10
350	13
350	9
350	10
350	13
350	11
350	17
350	9
350	15
350	21
350	8
350	8
350	11
350	10
350	15
350	6
350	10
350	10
350	6
350	7
350	8
350	10
350	14
350	13
350	11
350	6
350	17
350	13
350	15
350	6
350	11
350	14
350	17
350	12
350	9
350	10
350	8
350	11
350	10
350	12
350	11
350	10
350	13
350	10
350	7
350	16
350	18
350	9
350	7
350	13
350	12
350	7
350	12
350	6
350	12
350	9
350	11
350	10
350	15
350	14
350	17
350	6
350	11
350	16
350	14
350	7
350	8
350	13
350	14
350	13
350	14
350	13
350	7
350	5
350	12
350	9
350	15
350	9
350	11
350	7
350	16
350	10
350	6
350	7
350	11
350	9
350	11
350	11
350	7
350	9
350	9
350	12
350	11
350	15
350	14
350	11
350	14
350	10
350	7
350	8
350	12
350	16
350	9
350	8
350	11
350	11
350	11
350	14
350	10
350	10
350	11
350	14
350	11
350	8
350	10
350	5
350	12
350	18
350	15
350	11
350	11
350	10
350	10
350	12
350	7
350	10
350	17
350	10
350	13
350	8
350	10
350	8
350	13
350	14
350	13
350	16
350	9
350	6
350	11
350	7
350	4
350	5
350	8
350	6
350	9
350	7
350	9
350	9
350	9
350	12
350	13
350	15
350	18
350	6
350	13
350	8
350	8
350	12
350	5
350	9
350	17
350	22
350	10
350	11
350	11
350	14
350	9
350	9
350	12
350	12
350	11
350	14
350	8
350	11
350	8
350	17
350	11
350	10
350	6
350	7
350	10
350	6
350	11
350	16
350	9
350	12
350	4
350	13
350	10
350	17
350	4
350	20
350	8
350	10
350	10
350	11
350	6
350	14
350	8
350	10
350	11
350	14
350	15
350	8
350	13
350	15
350	14
350	13
350	9
350	15
350	8
350	16
350	8
350	13
350	7
350	7
350	8
350	13
350	8
350	10
350	6
350	11
350	11
350	14
350	10
350	9
350	14
350	9
350	11
350	8
350	8
350	8
350	11
350	16
350	8
350	14
350	13
350	11
350	15
350	14
350	13
350	19
350	13
350	9
350	8
350	11
350	9
350	15
350	6
350	9
350	17
350	14
350	14
350	8
350	13
350	7
350	9
350	14
350	7
350	17
350	12
350	8
350	12
350	7
350	11
350	16
350	8
350	13
350	16
350	9
350	13
350	6
350	11
350	12
350	8
350	11
350	13
350	9
350	14
350	9
350	7
350	7
350	12
350	19
350	9
350	8
350	13
350	10
350	10
350	13
350	10
350	11
350	8
350	12
350	13
350	10
350	8
350	4
350	16
350	14
350	14
350	9
350	15
350	7
350	10
350	9
350	7
350	13
350	14
350	14
350	8
350	10
350	14
350	13
350	7
350	9
350	11
350	11
350	19
350	9
350	9
350	11
350	7
350	8
350	9
350	15
350	12
350	7
350	11
350	9
350	13
350	10
350	17
350	19
350	17
350	11
350	13
350	12
350	11
350	9
350	12
350	13
350	8
350	11
350	15
350	13
350	12
350	14
350	11
350	15
350	9
350	8
350	14
350	5
350	10
350	12
350	11
350	4
350	14
350	14
350	14
350	11
350	10
350	11
350	9
350	13
350	10
350	6
350	13
350	14
350	11
350	9
350	10
350	11
350	16
350	18
350	8
350	11
350	13
350	7
350	11
350	14
350	16
350	17
350	10
350	10
350	6
350	15
350	15
350	14
350	11
350	11
350	11
350	14
350	9
350	10
350	9
350	10
350	14
350	10
350	11
350	9
350	19
350	8
350	10
350	17
350	11
350	5
350	10
350	15
350	10
350	9
350	10
350	11
350	8
350	10
350	6
350	14
350	11
350	8
350	11
350	9
350	7
350	13
350	15
350	10
350	8
350	13
350	11
350	9
350	12
350	6
350	12
350	10
350	8
350	6
350	13
350	9
350	15
350	11
350	5
350	15
350	13
350	16
350	11
350	8
350	9
350	10
350	12
350	15
350	13
350	8
350	17
350	13
350	4
350	10
350	9
350	7
350	11
350	12
350	7
350	19
350	12
350	7
350	10
350	15
350	16
350	7
350	10
350	14
350	14
350	9
350	12
350	9
350	1
350	12
350	13
350	12
350	9
350	12
350	12
350	7
350	7
350	16
350	15
350	10
350	11
350	18
350	9
350	8
350	9
350	10
350	13
350	11
350	8
350	15
350	8
350	13
350	15
350	7
350	12
350	15
350	13
350	8
350	9
350	6
350	16
350	10
350	11
350	14
350	16
350	7
350	8
350	6
350	12
350	13
350	10
350	7
350	10
350	7
350	6
350	16
350	11
350	12
350	6
350	16
350	10
350	9
350	19
350	4
350	8
350	12
350	10
350	14
350	9
350	12
350	3
350	8
350	8
350	4
350	12
350	5
350	8
350	11
350	9
350	9
350	19
350	11
350	13
350	18
350	10
350	7
350	10
350	11
350	11
350	12
350	16
350	9
350	4
350	14
350	12
350	16