50	463
50	499
50	485
50	486
50	436
50	487
50	476
50	474
50	474
50	505
50	471
50	511
50	481
50	510
50	467
50	514
50	467
50	449
50	469
50	495
50	500
50	486
50	469
50	469
50	483
50	465
50	493
50	470
50	477
50	487
50	472
50	487
50	442
50	455
50	474
50	463
50	453
50	468
50	467
50	508
50	491
50	506
50	476
50	483
50	492
50	474
50	465
50	442
50	504
50	458
50	502
50	545
50	465
50	486
50	454
50	563
50	472
50	471
50	478
50	468
50	507
50	477
50	482
50	502
50	492
50	507
50	496
50	434
50	466
50	434
50	463
50	463
50	444
50	478
50	519
50	476
50	455
50	492
50	485
50	494
50	440
50	470
50	495
50	510
50	478
50	497
50	462
50	461
50	461
50	448
50	477
50	497
50	491
50	481
50	484
50	505
50	490
50	522
50	470
50	511
50	466
50	456
50	461
50	485
50	497
50	489
50	456
50	476
50	518
50	485
50	462
50	479
50	484
50	459
50	474
50	465
50	488
50	472
50	511
50	490
50	468
50	476
50	496
50	468
50	452
50	522
50	497
50	449
50	466
50	456
50	488
50	491
50	499
50	448
50	543
50	472
50	468
50	490
50	498
50	495
50	476
50	449
50	454
50	434
50	459
50	531
50	490
50	455
50	472
50	471
50	460
50	454
50	492
50	443
50	492
50	453
50	465
50	463
50	444
50	460
50	463
50	488
50	480
50	484
50	486
50	475
50	474
50	447
50	474
50	450
50	514
50	441
50	452
50	467
50	496
50	499
50	448
50	461
50	452
50	530
50	513
50	496
50	467
50	468
50	483
50	454
50	496
50	461
50	507
50	472
50	497
50	466
50	502
50	497
50	496
50	494
50	489
50	488
50	516
50	490
50	460
50	481
50	486
50	495
50	495
50	488
50	484
50	462
50	466
50	461
50	521
50	458
50	505
50	463
50	459
50	470
50	482
50	436
50	471
50	497
50	459
50	488
50	488
50	490
50	470
50	481
50	467
50	468
50	498
50	471
50	487
50	483
50	459
50	470
50	470
50	492
50	486
50	506
50	499
50	477
50	481
50	491
50	480
50	461
50	435
50	479
50	445
50	478
50	485
50	474
50	452
50	457
50	468
50	459
50	459
50	477
50	497
50	475
50	478
50	501
50	450
50	467
50	477
50	481
50	484
50	477
50	482
50	483
50	438
50	495
50	510
50	466
50	495
50	485
50	496
50	426
50	460
50	414
50	478
50	472
50	464
50	471
50	460
50	485
50	446
50	477
50	493
50	491
50	475
50	506
50	487
50	445
50	447
50	451
50	507
50	465
50	450
50	494
50	489
50	481
50	450
50	490
50	460
50	460
50	459
50	471
50	455
50	501
50	455
50	480
50	484
50	488
50	502
50	472
50	502
50	484
50	494
50	464
50	500
50	476
50	487
50	488
50	450
50	448
50	470
50	443
50	507
50	437
50	503
50	469
50	432
50	467
50	482
50	496
50	511
50	500
50	479
50	497
50	469
50	473
50	479
50	508
50	477
50	502
50	458
50	467
50	528
50	481
50	473
50	491
50	438
50	466
50	467
50	534
50	476
50	419
50	469
50	503
50	502
50	481
50	481
50	479
50	450
50	485
50	508
50	492
50	493
50	491
50	476
50	490
50	457
50	467
50	466
50	475
50	452
50	466
50	495
50	490
50	468
50	481
50	475
50	495
50	491
50	454
50	437
50	453
50	496
50	471
50	452
50	442
50	517
50	479
50	479
50	490
50	503
50	432
50	462
50	502
50	463
50	522
50	451
50	465
50	477
50	488
50	482
50	509
50	470
50	527
50	483
50	483
50	462
50	489
50	448
50	480
50	456
50	497
50	457
50	480
50	475
50	452
50	454
50	506
50	472
50	498
50	468
50	448
50	489
50	472
50	475
50	477
50	509
50	445
50	460
50	455
50	460
50	476
50	474
50	465
50	485
50	474
50	453
50	451
50	507
50	469
50	509
50	478
50	465
50	477
50	495
50	471
50	452
50	464
50	485
50	500
50	484
50	441
50	480
50	456
50	469
50	503
50	492
50	455
50	495
50	485
50	465
50	469
50	486
50	501
50	501
50	462
50	476
50	478
50	496
50	479
50	487
50	523
50	457
50	460
50	489
50	508
50	500
50	474
50	465
50	476
50	477
50	459
50	493
50	460
50	519
50	475
50	495
50	461
50	429
50	459
50	446
50	459
50	457
50	497
50	457
50	487
50	495
50	491
50	438
50	506
50	463
50	445
50	448
50	458
50	484
50	504
50	431
50	504
50	488
50	466
50	477
50	467
50	458
50	453
50	504
50	461
50	493
50	488
50	444
50	468
50	460
50	499
50	445
50	450
50	461
50	464
50	473
50	452
50	488
50	502
50	480
50	492
50	473
50	481
50	480
50	484
50	492
50	512
50	517
50	464
50	483
50	485
50	475
50	471
50	474
50	502
50	438
50	514
50	506
50	490
50	449
50	505
50	502
50	539
50	482
50	475
50	449
50	481
50	473
50	554
50	504
50	482
50	472
50	478
50	521
50	471
50	439
50	440
50	472
50	461
50	489
50	470
50	454
50	502
50	460
50	500
50	481
50	467
50	460
50	508
50	445
50	459
50	480
50	497
50	436
50	465
50	493
50	483
50	490
50	486
50	485
50	472
50	480
50	520
50	421
50	470
50	484
50	437
50	506
50	487
50	493
50	505
50	482
50	467
50	464
50	507
50	488
50	491
50	458
50	478
50	461
50	523
50	478
50	462
50	496
50	457
50	448
50	441
50	483
50	488
50	433
50	446
50	473
50	494
50	477
50	472
50	501
50	469
50	444
50	454
50	469
50	471
50	453
50	491
50	490
50	480
50	461
50	449
50	484
50	475
50	475
50	506
50	461
50	434
50	496
50	498
50	488
50	492
50	512
50	456
50	481
50	463
50	483
50	456
50	482
50	475
50	493
50	484
50	462
50	494
50	489
50	458
50	504
50	477
50	480
50	477
50	482
50	465
50	449
50	466
50	450
50	452
50	494
50	500
50	463
50	487
50	466
50	486
50	527
50	464
50	467
50	464
50	497
50	496
50	466
50	494
50	455
50	460
50	486
50	463
50	470
50	458
50	511
50	498
50	491
50	472
50	469
50	453
50	514
50	492
50	509
50	444
50	482
50	484
50	462
50	469
50	507
50	473
50	502
50	488
50	483
50	479
50	489
50	473
50	481
50	496
50	518
50	477
50	489
50	497
50	496
50	484
50	470
50	465
50	486
50	476
50	486
50	463
50	464
50	506
50	502
50	487
50	481
50	436
50	436
50	464
50	473
50	475
50	464
50	467
50	478
50	521
50	495
50	507
50	453
50	496
50	440
50	476
50	452
50	445
50	454
50	488
50	466
50	485
50	498
50	514
50	486
50	464
50	490
50	479
50	554
50	463
50	502
50	453
50	461
50	468
50	501
50	495
50	516
50	494
50	488
50	474
50	512
50	441
50	500
50	480
50	464
50	527
50	492
50	489
50	488
50	491
50	452
50	501
50	468
50	489
50	446
50	485
50	451
50	486
50	446
50	437
50	432
50	486
50	489
50	464
50	488
50	494
50	495
50	467
50	477
50	500
50	478
50	508
50	494
50	456
50	509
50	429
50	514
50	458
50	487
50	485
50	478
50	498
50	508
50	500
50	488
50	448
50	494
50	457
50	480
50	458
50	480
50	468
50	480
50	501
50	456
50	486
50	481
50	481
50	492
50	462
50	502
50	450
50	452
50	492
50	459
50	468
50	455
50	515
50	446
50	488
50	459
50	480
50	415
50	480
50	419
50	508
50	490
50	463
50	503
50	486
50	459
50	538
50	492
50	464
50	456
50	491
50	461
50	513
50	506
50	465
50	489
50	435
50	458
50	495
50	465
50	457
50	470
50	478
50	511
50	470
50	480
50	447
50	472
50	491
50	452
50	480
50	498
50	484
50	469
50	464
50	471
50	512
50	494
50	459
50	478
50	462
50	472
50	497
50	481
50	446
50	497
50	450
50	469
50	508
50	487
50	476
50	510
50	450
50	491
50	474
50	493
50	516
50	523
50	504
50	448
50	480
50	447
50	468
50	470
50	493
50	472
50	460
50	518
50	472
50	519
50	503
50	484
50	475
50	495
50	483
50	467
50	432
50	463
50	467
50	483
50	469
50	472
50	491
50	456
50	469
50	455
50	474
50	493
50	515
50	439
50	495
50	483
50	472
50	482
50	495
50	470
50	471
50	477
50	469
50	454
50	481
50	488
50	465
50	492
50	477
50	502
50	451
50	505
50	510
50	509
50	508
50	452
50	492
50	485
50	455
50	461
50	471
50	464
50	497
50	505
50	487
50	482
50	488
50	444
50	444
50	464
50	476
50	484
50	492
50	501
50	479
50	464
50	480
50	476
50	506
50	460
50	466
50	457
50	471
50	493
50	466
50	493
50	487
50	483
50	470
50	502
50	488
50	489
50	477
100	293
100	294
100	349
100	330
100	317
100	288
100	292
100	290
100	300
100	318
100	305
100	289
100	296
100	311
100	301
100	324
100	321
100	313
100	285
100	257
100	273
100	305
100	294
100	283
100	301
100	303
100	315
100	327
100	289
100	301
100	262
100	279
100	339
100	333
100	296
100	313
100	274
100	313
100	303
100	303
100	305
100	317
100	288
100	305
100	285
100	278
100	289
100	348
100	292
100	309
100	313
100	316
100	325
100	275
100	319
100	288
100	338
100	295
100	299
100	298
100	307
100	299
100	309
100	295
100	279
100	311
100	299
100	320
100	316
100	323
100	302
100	315
100	299
100	269
100	305
100	337
100	310
100	336
100	291
100	302
100	322
100	303
100	310
100	321
100	305
100	299
100	310
100	309
100	297
100	295
100	307
100	321
100	332
100	305
100	321
100	288
100	306
100	304
100	282
100	290
100	301
100	293
100	320
100	304
100	316
100	345
100	275
100	295
100	329
100	286
100	325
100	309
100	298
100	301
100	323
100	274
100	297
100	323
100	313
100	327
100	321
100	352
100	302
100	300
100	278
100	302
100	304
100	332
100	283
100	324
100	306
100	333
100	330
100	314
100	322
100	306
100	302
100	315
100	299
100	304
100	312
100	305
100	336
100	287
100	316
100	275
100	344
100	316
100	318
100	302
100	285
100	308
100	293
100	333
100	303
100	309
100	300
100	322
100	295
100	311
100	297
100	309
100	307
100	296
100	316
100	338
100	307
100	287
100	311
100	316
100	318
100	296
100	308
100	311
100	285
100	311
100	307
100	324
100	313
100	319
100	345
100	306
100	285
100	277
100	288
100	296
100	296
100	315
100	306
100	312
100	287
100	286
100	311
100	304
100	296
100	334
100	330
100	300
100	331
100	321
100	318
100	301
100	313
100	310
100	316
100	290
100	332
100	294
100	305
100	316
100	309
100	279
100	296
100	318
100	313
100	300
100	303
100	297
100	311
100	298
100	307
100	298
100	316
100	296
100	300
100	296
100	294
100	307
100	262
100	292
100	298
100	310
100	342
100	304
100	315
100	318
100	288
100	304
100	309
100	301
100	300
100	296
100	301
100	305
100	314
100	339
100	312
100	292
100	311
100	305
100	292
100	294
100	292
100	313
100	299
100	269
100	317
100	311
100	318
100	280
100	311
100	302
100	297
100	286
100	307
100	292
100	334
100	298
100	291
100	332
100	313
100	297
100	298
100	320
100	305
100	293
100	292
100	329
100	330
100	328
100	315
100	315
100	284
100	329
100	305
100	298
100	297
100	307
100	290
100	286
100	310
100	295
100	327
100	298
100	339
100	288
100	277
100	356
100	299
100	314
100	291
100	283
100	283
100	316
100	287
100	289
100	296
100	322
100	304
100	322
100	298
100	295
100	321
100	327
100	309
100	277
100	317
100	303
100	326
100	311
100	326
100	308
100	333
100	297
100	308
100	295
100	292
100	285
100	320
100	294
100	303
100	319
100	298
100	281
100	307
100	289
100	278
100	295
100	304
100	313
100	294
100	283
100	298
100	270
100	301
100	297
100	267
100	316
100	290
100	289
100	325
100	268
100	287
100	315
100	286
100	272
100	321
100	304
100	304
100	326
100	314
100	297
100	328
100	336
100	290
100	299
100	294
100	345
100	284
100	327
100	323
100	273
100	312
100	347
100	294
100	276
100	313
100	307
100	329
100	310
100	299
100	321
100	287
100	294
100	276
100	300
100	324
100	291
100	307
100	324
100	300
100	310
100	299
100	334
100	300
100	283
100	340
100	333
100	285
100	291
100	299
100	298
100	313
100	289
100	288
100	270
100	283
100	311
100	330
100	301
100	344
100	290
100	307
100	308
100	313
100	275
100	297
100	339
100	300
100	281
100	275
100	281
100	327
100	340
100	291
100	285
100	333
100	308
100	321
100	308
100	311
100	288
100	281
100	319
100	315
100	306
100	338
100	308
100	322
100	320
100	306
100	305
100	287
100	323
100	317
100	278
100	317
100	302
100	303
100	282
100	308
100	301
100	316
100	332
100	311
100	298
100	366
100	307
100	311
100	313
100	331
100	343
100	319
100	290
100	328
100	283
100	292
100	310
100	309
100	298
100	328
100	294
100	272
100	290
100	324
100	308
100	332
100	323
100	296
100	293
100	318
100	289
100	277
100	296
100	297
100	298
100	309
100	338
100	319
100	269
100	331
100	304
100	318
100	305
100	333
100	308
100	323
100	292
100	331
100	305
100	306
100	311
100	298
100	272
100	316
100	279
100	327
100	281
100	294
100	307
100	330
100	319
100	308
100	314
100	276
100	332
100	287
100	282
100	303
100	298
100	312
100	297
100	273
100	310
100	301
100	290
100	314
100	325
100	304
100	321
100	315
100	301
100	279
100	317
100	339
100	300
100	295
100	306
100	311
100	311
100	326
100	314
100	295
100	349
100	287
100	339
100	292
100	288
100	326
100	276
100	301
100	300
100	314
100	306
100	290
100	287
100	274
100	309
100	329
100	295
100	324
100	301
100	356
100	302
100	303
100	339
100	322
100	306
100	291
100	292
100	311
100	309
100	326
100	315
100	306
100	281
100	283
100	324
100	311
100	321
100	336
100	295
100	303
100	313
100	304
100	326
100	300
100	286
100	311
100	328
100	311
100	269
100	308
100	273
100	324
100	320
100	314
100	289
100	344
100	311
100	301
100	312
100	288
100	290
100	309
100	281
100	326
100	288
100	341
100	297
100	319
100	311
100	313
100	325
100	319
100	298
100	292
100	313
100	295
100	294
100	302
100	315
100	312
100	301
100	288
100	302
100	296
100	322
100	334
100	297
100	307
100	284
100	319
100	302
100	304
100	295
100	324
100	338
100	327
100	345
100	327
100	293
100	310
100	332
100	297
100	323
100	315
100	336
100	300
100	345
100	278
100	297
100	309
100	331
100	297
100	289
100	282
100	308
100	312
100	307
100	297
100	298
100	301
100	311
100	296
100	315
100	288
100	297
100	308
100	284
100	250
100	292
100	300
100	319
100	292
100	323
100	293
100	307
100	300
100	285
100	266
100	320
100	329
100	310
100	288
100	297
100	297
100	295
100	318
100	302
100	326
100	325
100	313
100	306
100	322
100	301
100	297
100	300
100	307
100	306
100	293
100	285
100	296
100	303
100	281
100	302
100	300
100	301
100	304
100	285
100	293
100	314
100	289
100	310
100	307
100	291
100	289
100	347
100	318
100	328
100	305
100	294
100	301
100	319
100	289
100	307
100	310
100	292
100	303
100	317
100	297
100	313
100	268
100	295
100	313
100	323
100	307
100	298
100	302
100	303
100	318
100	328
100	309
100	295
100	306
100	302
100	307
100	310
100	295
100	285
100	315
100	305
100	340
100	282
100	279
100	334
100	308
100	304
100	294
100	287
100	304
100	316
100	308
100	319
100	296
100	338
100	298
100	324
100	318
100	309
100	310
100	317
100	289
100	315
100	306
100	290
100	316
100	330
100	327
100	298
100	312
100	314
100	334
100	322
100	319
100	315
100	323
100	337
100	327
100	283
100	305
100	268
100	325
100	310
100	321
100	352
100	315
100	273
100	326
100	310
100	303
100	317
100	289
100	298
100	316
100	282
100	277
100	335
100	330
100	294
100	325
100	278
100	275
100	316
100	311
100	300
100	303
100	335
100	283
100	297
100	287
100	332
100	298
100	332
100	324
100	316
100	323
100	326
100	286
100	291
100	282
100	312
100	306
100	293
100	280
100	308
100	295
100	312
100	325
100	325
100	330
100	324
100	315
100	298
100	301
100	345
100	324
100	298
100	278
100	303
100	300
100	326
100	298
100	301
100	290
100	323
100	306
100	291
100	287
100	294
100	293
100	301
100	303
100	311
100	313
100	290
100	305
100	302
100	324
100	278
100	295
100	311
100	305
100	304
100	270
100	308
100	309
100	305
100	280
100	290
100	310
100	283
100	297
100	297
100	264
100	275
100	277
100	298
100	287
100	290
100	304
100	282
100	308
100	304
100	303
100	354
100	344
100	293
100	292
100	314
100	330
100	334
100	299
100	328
100	326
100	296
100	301
100	293
100	300
100	288
100	322
100	277
100	294
100	281
100	302
100	291
100	277
100	312
100	325
100	284
100	314
100	300
100	316
100	344
100	302
100	305
100	309
100	290
100	275
100	295
100	313
100	303
100	315
100	295
100	301
100	281
100	303
100	279
100	305
100	286
100	330
100	308
100	304
100	291
100	267
100	317
100	294
100	283
100	314
100	293
100	307
100	305
100	295
100	327
100	283
100	344
100	277
100	337
100	305
100	266
100	313
100	301
100	320
100	295
100	314
100	305
100	309
100	332
100	302
100	298
100	317
100	288
100	307
100	304
100	293
100	281
100	328
100	319
100	302
100	291
100	303
100	317
100	282
100	310
100	268
100	286
100	299
100	309
100	324
100	297
100	312
100	349
100	307
100	277
100	309
100	265
100	299
100	310
100	316
100	306
150	196
150	179
150	192
150	207
150	162
150	193
150	175
150	178
150	192
150	208
150	157
150	178
150	175
150	163
150	170
150	197
150	154
150	197
150	181
150	189
150	201
150	176
150	176
150	196
150	201
150	164
150	161
150	182
150	177
150	161
150	191
150	161
150	154
150	193
150	184
150	184
150	173
150	176
150	187
150	180
150	177
150	164
150	200
150	149
150	172
150	187
150	182
150	201
150	193
150	193
150	186
150	188
150	198
150	173
150	195
150	181
150	191
150	154
150	201
150	161
150	182
150	200
150	174
150	181
150	170
150	177
150	184
150	172
150	177
150	184
150	157
150	181
150	205
150	197
150	182
150	161
150	188
150	169
150	189
150	163
150	189
150	158
150	193
150	184
150	192
150	185
150	194
150	160
150	189
150	187
150	133
150	178
150	196
150	175
150	197
150	181
150	177
150	164
150	186
150	176
150	174
150	186
150	193
150	181
150	180
150	179
150	184
150	164
150	198
150	197
150	186
150	181
150	185
150	184
150	183
150	196
150	178
150	195
150	177
150	181
150	171
150	170
150	178
150	165
150	205
150	184
150	173
150	150
150	173
150	179
150	187
150	189
150	176
150	163
150	173
150	187
150	155
150	188
150	194
150	152
150	179
150	206
150	172
150	179
150	180
150	168
150	183
150	145
150	146
150	167
150	184
150	158
150	162
150	177
150	192
150	146
150	172
150	188
150	196
150	193
150	186
150	169
150	188
150	175
150	179
150	180
150	191
150	151
150	176
150	160
150	171
150	157
150	173
150	176
150	179
150	183
150	169
150	165
150	193
150	183
150	199
150	204
150	189
150	187
150	185
150	174
150	181
150	164
150	184
150	171
150	161
150	165
150	194
150	194
150	194
150	177
150	177
150	181
150	167
150	201
150	161
150	173
150	182
150	174
150	183
150	166
150	187
150	181
150	184
150	173
150	181
150	188
150	213
150	196
150	138
150	197
150	182
150	160
150	192
150	170
150	183
150	192
150	176
150	170
150	207
150	187
150	180
150	169
150	193
150	167
150	181
150	188
150	173
150	176
150	180
150	176
150	166
150	182
150	205
150	180
150	168
150	186
150	183
150	187
150	167
150	186
150	196
150	153
150	176
150	203
150	203
150	173
150	177
150	181
150	185
150	177
150	183
150	190
150	151
150	197
150	179
150	169
150	156
150	165
150	176
150	160
150	179
150	175
150	173
150	169
150	180
150	164
150	169
150	187
150	178
150	176
150	169
150	159
150	189
150	161
150	177
150	159
150	172
150	181
150	170
150	202
150	196
150	174
150	171
150	187
150	182
150	156
150	217
150	166
150	162
150	175
150	174
150	156
150	173
150	170
150	179
150	150
150	152
150	184
150	191
150	189
150	203
150	167
150	168
150	171
150	185
150	196
150	170
150	196
150	195
150	158
150	147
150	174
150	180
150	173
150	170
150	162
150	171
150	158
150	178
150	156
150	177
150	200
150	176
150	171
150	190
150	201
150	184
150	195
150	194
150	204
150	173
150	161
150	197
150	169
150	185
150	186
150	177
150	177
150	199
150	194
150	171
150	170
150	181
150	169
150	173
150	171
150	161
150	182
150	182
150	163
150	181
150	173
150	170
150	172
150	161
150	180
150	173
150	184
150	204
150	179
150	180
150	187
150	182
150	160
150	160
150	191
150	182
150	185
150	192
150	159
150	174
150	182
150	177
150	179
150	174
150	155
150	152
150	173
150	175
150	178
150	181
150	164
150	164
150	192
150	182
150	187
150	163
150	182
150	169
150	185
150	184
150	158
150	175
150	152
150	185
150	180
150	146
150	199
150	181
150	190
150	149
150	165
150	202
150	141
150	174
150	171
150	178
150	160
150	157
150	166
150	183
150	181
150	186
150	202
150	178
150	185
150	187
150	198
150	181
150	188
150	147
150	167
150	191
150	208
150	197
150	176
150	171
150	159
150	195
150	152
150	169
150	205
150	140
150	177
150	173
150	197
150	195
150	174
150	199
150	178
150	185
150	177
150	191
150	164
150	175
150	172
150	154
150	166
150	171
150	153
150	189
150	188
150	169
150	176
150	181
150	210
150	173
150	174
150	183
150	155
150	161
150	179
150	198
150	169
150	185
150	175
150	166
150	163
150	179
150	174
150	173
150	163
150	209
150	148
150	162
150	189
150	173
150	184
150	174
150	168
150	176
150	156
150	170
150	193
150	168
150	153
150	178
150	164
150	173
150	189
150	138
150	170
150	174
150	170
150	172
150	171
150	176
150	166
150	178
150	186
150	180
150	171
150	192
150	156
150	171
150	200
150	168
150	194
150	168
150	197
150	170
150	175
150	186
150	176
150	171
150	173
150	182
150	163
150	207
150	180
150	162
150	167
150	182
150	182
150	177
150	158
150	164
150	169
150	169
150	191
150	184
150	185
150	184
150	169
150	164
150	168
150	153
150	166
150	192
150	175
150	168
150	158
150	194
150	182
150	153
150	156
150	192
150	169
150	191
150	170
150	177
150	195
150	194
150	152
150	192
150	187
150	172
150	174
150	197
150	180
150	178
150	210
150	190
150	170
150	186
150	165
150	175
150	185
150	185
150	200
150	193
150	196
150	171
150	154
150	161
150	180
150	187
150	184
150	160
150	189
150	212
150	192
150	184
150	175
150	174
150	175
150	187
150	174
150	176
150	189
150	183
150	183
150	165
150	154
150	152
150	170
150	200
150	181
150	166
150	162
150	192
150	162
150	183
150	152
150	185
150	162
150	185
150	189
150	171
150	181
150	179
150	153
150	181
150	187
150	180
150	203
150	172
150	169
150	187
150	192
150	150
150	185
150	181
150	171
150	191
150	185
150	166
150	186
150	172
150	206
150	198
150	175
150	176
150	173
150	167
150	181
150	168
150	174
150	172
150	196
150	186
150	142
150	185
150	168
150	158
150	171
150	194
150	194
150	153
150	167
150	165
150	171
150	178
150	167
150	190
150	172
150	175
150	173
150	180
150	148
150	175
150	184
150	173
150	172
150	172
150	170
150	171
150	177
150	175
150	172
150	160
150	195
150	195
150	170
150	173
150	181
150	172
150	165
150	167
150	193
150	178
150	187
150	184
150	184
150	203
150	179
150	201
150	180
150	182
150	182
150	173
150	178
150	174
150	159
150	202
150	176
150	171
150	183
150	189
150	184
150	164
150	162
150	149
150	170
150	186
150	157
150	177
150	166
150	157
150	186
150	171
150	200
150	186
150	197
150	170
150	181
150	174
150	171
150	170
150	179
150	171
150	204
150	179
150	184
150	159
150	170
150	147
150	172
150	177
150	171
150	189
150	150
150	171
150	174
150	176
150	189
150	205
150	154
150	158
150	171
150	185
150	184
150	174
150	184
150	166
150	189
150	179
150	167
150	168
150	195
150	178
150	189
150	174
150	190
150	172
150	171
150	199
150	181
150	177
150	177
150	193
150	164
150	181
150	183
150	185
150	161
150	168
150	193
150	190
150	176
150	179
150	175
150	208
150	159
150	179
150	195
150	162
150	176
150	174
150	180
150	190
150	164
150	174
150	170
150	171
150	178
150	208
150	180
150	193
150	187
150	190
150	169
150	162
150	185
150	164
150	176
150	157
150	158
150	174
150	183
150	164
150	177
150	167
150	173
150	188
150	145
150	188
150	160
150	168
150	185
150	184
150	176
150	174
150	202
150	149
150	156
150	177
150	184
150	178
150	191
150	180
150	158
150	188
150	177
150	175
150	171
150	164
150	169
150	174
150	187
150	169
150	170
150	184
150	187
150	173
150	183
150	176
150	192
150	201
150	156
150	154
150	174
150	167
150	172
150	172
150	188
150	193
150	147
150	190
150	178
150	180
150	185
150	185
150	156
150	198
150	164
150	201
150	163
150	181
150	167
150	171
150	176
150	202
150	170
150	167
150	171
150	188
150	178
150	169
150	179
150	193
150	177
150	188
150	187
150	195
150	178
150	172
150	178
150	180
150	160
150	159
150	170
150	159
150	191
150	172
150	169
150	200
150	173
150	178
150	174
150	180
150	177
150	160
150	205
150	214
150	160
150	183
150	183
150	204
150	196
150	162
150	186
150	135
150	175
150	172
150	185
150	191
150	168
150	195
150	186
150	185
150	191
150	181
150	175
150	179
150	183
150	196
150	182
150	164
150	166
150	176
150	179
150	169
150	171
150	176
150	181
150	156
150	190
150	174
150	218
150	175
150	188
150	194
150	186
150	165
150	171
150	166
150	180
150	171
150	173
150	178
150	180
150	178
150	187
150	178
150	159
150	197
150	206
150	171
150	183
150	179
150	169
150	171
150	179
150	169
150	177
150	167
150	153
150	173
150	193
150	192
150	162
150	186
150	199
150	179
150	187
150	141
150	140
150	180
150	157
150	177
150	187
150	143
150	172
150	180
150	185
150	214
150	179
150	183
150	191
150	175
150	177
150	183
150	185
150	168
150	185
150	164
150	197
150	175
150	197
150	161
150	187
150	175
150	174
200	97
200	100
200	111
200	81
200	87
200	92
200	93
200	98
200	97
200	107
200	100
200	106
200	96
200	83
200	109
200	93
200	104
200	111
200	127
200	109
200	104
200	99
200	114
200	88
200	99
200	108
200	103
200	94
200	98
200	114
200	94
200	103
200	115
200	93
200	124
200	95
200	119
200	89
200	99
200	102
200	112
200	103
200	100
200	98
200	106
200	111
200	104
200	99
200	98
200	99
200	105
200	84
200	105
200	99
200	98
200	122
200	103
200	97
200	115
200	113
200	92
200	113
200	106
200	104
200	103
200	110
200	138
200	100
200	110
200	94
200	110
200	107
200	112
200	96
200	94
200	92
200	109
200	116
200	114
200	100
200	90
200	99
200	100
200	100
200	99
200	98
200	112
200	108
200	87
200	106
200	95
200	110
200	94
200	115
200	100
200	97
200	96
200	110
200	90
200	105
200	93
200	113
200	104
200	101
200	97
200	111
200	88
200	108
200	108
200	103
200	87
200	97
200	98
200	120
200	120
200	115
200	104
200	99
200	105
200	98
200	111
200	104
200	109
200	95
200	122
200	101
200	120
200	116
200	101
200	120
200	122
200	114
200	116
200	81
200	120
200	102
200	114
200	97
200	103
200	109
200	87
200	106
200	99
200	108
200	109
200	107
200	104
200	119
200	88
200	122
200	121
200	101
200	86
200	107
200	88
200	113
200	104
200	116
200	105
200	93
200	95
200	110
200	92
200	108
200	106
200	118
200	115
200	112
200	112
200	112
200	107
200	102
200	88
200	99
200	101
200	101
200	98
200	88
200	87
200	87
200	107
200	102
200	115
200	93
200	109
200	97
200	98
200	118
200	105
200	110
200	99
200	110
200	87
200	109
200	102
200	89
200	103
200	101
200	101
200	98
200	92
200	94
200	115
200	104
200	91
200	98
200	102
200	99
200	124
200	100
200	105
200	118
200	122
200	96
200	96
200	114
200	105
200	98
200	100
200	89
200	99
200	99
200	102
200	90
200	114
200	107
200	118
200	112
200	107
200	102
200	122
200	109
200	124
200	88
200	107
200	106
200	93
200	99
200	94
200	102
200	127
200	100
200	110
200	105
200	107
200	99
200	103
200	82
200	116
200	96
200	101
200	108
200	98
200	98
200	107
200	91
200	114
200	109
200	98
200	106
200	99
200	101
200	99
200	85
200	111
200	93
200	98
200	110
200	95
200	100
200	109
200	96
200	97
200	104
200	109
200	91
200	103
200	104
200	101
200	119
200	107
200	109
200	98
200	96
200	109
200	108
200	122
200	101
200	107
200	140
200	107
200	122
200	105
200	98
200	101
200	96
200	101
200	116
200	104
200	90
200	103
200	111
200	94
200	93
200	106
200	115
200	120
200	104
200	115
200	99
200	104
200	116
200	117
200	115
200	106
200	99
200	111
200	106
200	99
200	102
200	98
200	116
200	84
200	94
200	97
200	111
200	113
200	106
200	115
200	91
200	101
200	110
200	110
200	126
200	114
200	138
200	94
200	99
200	99
200	86
200	121
200	94
200	92
200	101
200	114
200	111
200	90
200	97
200	110
200	92
200	96
200	101
200	96
200	92
200	98
200	106
200	113
200	101
200	102
200	107
200	122
200	79
200	106
200	101
200	116
200	111
200	122
200	101
200	118
200	126
200	116
200	122
200	107
200	99
200	106
200	91
200	101
200	120
200	114
200	80
200	118
200	108
200	108
200	130
200	96
200	94
200	104
200	95
200	99
200	113
200	113
200	110
200	101
200	109
200	99
200	101
200	102
200	102
200	101
200	94
200	127
200	83
200	81
200	115
200	93
200	120
200	105
200	102
200	107
200	110
200	100
200	90
200	118
200	96
200	112
200	109
200	96
200	103
200	94
200	92
200	119
200	78
200	107
200	94
200	111
200	116
200	96
200	109
200	94
200	121
200	114
200	94
200	131
200	95
200	110
200	91
200	100
200	106
200	90
200	114
200	97
200	119
200	86
200	107
200	92
200	84
200	97
200	111
200	87
200	104
200	95
200	95
200	102
200	111
200	105
200	96
200	99
200	94
200	114
200	104
200	106
200	110
200	104
200	97
200	123
200	102
200	105
200	109
200	91
200	100
200	104
200	100
200	122
200	103
200	114
200	99
200	118
200	97
200	111
200	118
200	105
200	86
200	120
200	120
200	86
200	100
200	90
200	107
200	104
200	120
200	99
200	100
200	95
200	111
200	89
200	107
200	106
200	90
200	107
200	97
200	114
200	93
200	108
200	96
200	100
200	95
200	93
200	93
200	87
200	99
200	101
200	102
200	108
200	108
200	83
200	93
200	97
200	93
200	108
200	122
200	95
200	106
200	86
200	119
200	96
200	98
200	93
200	104
200	97
200	102
200	104
200	92
200	101
200	121
200	100
200	108
200	90
200	80
200	102
200	104
200	92
200	109
200	106
200	110
200	120
200	102
200	92
200	97
200	116
200	94
200	113
200	98
200	103
200	121
200	121
200	102
200	111
200	95
200	110
200	113
200	101
200	115
200	106
200	108
200	79
200	111
200	120
200	102
200	99
200	96
200	90
200	92
200	99
200	120
200	82
200	104
200	112
200	119
200	105
200	98
200	116
200	103
200	97
200	101
200	104
200	92
200	101
200	94
200	116
200	101
200	101
200	110
200	105
200	106
200	114
200	98
200	118
200	109
200	110
200	103
200	96
200	95
200	95
200	110
200	87
200	99
200	105
200	119
200	102
200	107
200	89
200	112
200	83
200	97
200	97
200	95
200	97
200	108
200	90
200	104
200	111
200	94
200	105
200	111
200	89
200	111
200	112
200	89
200	102
200	101
200	102
200	85
200	91
200	111
200	94
200	126
200	101
200	105
200	99
200	96
200	99
200	111
200	115
200	101
200	107
200	102
200	108
200	113
200	106
200	104
200	100
200	101
200	99
200	103
200	111
200	91
200	114
200	113
200	112
200	110
200	102
200	96
200	119
200	117
200	127
200	90
200	113
200	107
200	116
200	84
200	101
200	102
200	112
200	108
200	105
200	104
200	112
200	105
200	95
200	107
200	87
200	98
200	100
200	115
200	93
200	103
200	116
200	124
200	101
200	121
200	114
200	87
200	115
200	106
200	120
200	120
200	111
200	104
200	93
200	116
200	117
200	104
200	109
200	94
200	87
200	92
200	113
200	113
200	108
200	80
200	121
200	101
200	106
200	120
200	105
200	89
200	98
200	101
200	114
200	111
200	114
200	112
200	98
200	101
200	99
200	116
200	81
200	91
200	115
200	107
200	102
200	115
200	89
200	93
200	104
200	98
200	103
200	91
200	100
200	109
200	101
200	116
200	106
200	107
200	88
200	84
200	116
200	110
200	95
200	116
200	111
200	94
200	95
200	82
200	110
200	108
200	99
200	105
200	111
200	103
200	119
200	105
200	105
200	103
200	95
200	95
200	105
200	119
200	105
200	92
200	108
200	134
200	120
200	117
200	99
200	86
200	109
200	108
200	98
200	112
200	111
200	98
200	126
200	100
200	111
200	100
200	94
200	105
200	90
200	92
200	97
200	126
200	110
200	100
200	110
200	104
200	96
200	101
200	108
200	87
200	96
200	111
200	99
200	97
200	84
200	97
200	91
200	111
200	112
200	117
200	117
200	100
200	95
200	86
200	104
200	100
200	111
200	95
200	95
200	91
200	116
200	108
200	119
200	79
200	116
200	116
200	99
200	112
200	113
200	90
200	117
200	100
200	91
200	98
200	114
200	109
200	98
200	104
200	115
200	106
200	112
200	111
200	95
200	122
200	114
200	113
200	94
200	99
200	107
200	109
200	112
200	103
200	118
200	107
200	99
200	103
200	87
200	113
200	97
200	107
200	103
200	94
200	111
200	124
200	101
200	88
200	99
200	97
200	108
200	111
200	111
200	105
200	105
200	110
200	123
200	105
200	96
200	96
200	111
200	112
200	78
200	95
200	96
200	72
200	84
200	95
200	117
200	105
200	114
200	107
200	99
200	103
200	108
200	113
200	110
200	101
200	95
200	114
200	109
200	94
200	91
200	106
200	111
200	112
200	118
200	103
200	121
200	99
200	109
200	89
200	125
200	87
200	113
200	90
200	101
200	90
200	103
200	103
200	100
200	93
200	107
200	96
200	99
200	99
200	102
200	91
200	111
200	103
200	98
200	98
200	108
200	111
200	103
200	96
200	107
200	112
200	99
200	108
200	105
200	108
200	113
200	82
200	112
200	95
200	105
200	118
200	105
200	93
200	117
200	98
200	95
200	101
200	97
200	104
200	96
200	106
200	89
200	108
200	99
200	93
200	107
200	95
200	86
200	108
200	82
200	130
200	94
200	95
200	117
200	102
200	107
200	100
200	110
200	103
200	113
200	108
200	105
200	96
200	109
200	115
200	114
200	107
200	101
200	103
200	121
200	106
200	100
200	122
200	102
200	103
200	105
200	110
200	102
200	107
200	105
200	102
200	114
200	102
200	112
200	101
250	57
250	70
250	67
250	62
250	56
250	63
250	50
250	63
250	63
250	59
250	63
250	58
250	50
250	70
250	54
250	59
250	58
250	62
250	52
250	65
250	63
250	55
250	51
250	76
250	59
250	67
250	57
250	62
250	64
250	74
250	57
250	59
250	65
250	54
250	76
250	61
250	69
250	64
250	65
250	65
250	54
250	59
250	46
250	71
250	66
250	57
250	66
250	66
250	50
250	56
250	75
250	65
250	70
250	56
250	55
250	54
250	66
250	76
250	61
250	51
250	63
250	61
250	73
250	47
250	58
250	68
250	64
250	48
250	71
250	62
250	73
250	75
250	68
250	51
250	62
250	66
250	55
250	63
250	56
250	66
250	65
250	68
250	61
250	62
250	68
250	58
250	68
250	68
250	62
250	65
250	62
250	58
250	72
250	59
250	57
250	68
250	54
250	59
250	69
250	51
250	71
250	57
250	76
250	62
250	56
250	58
250	62
250	64
250	57
250	68
250	72
250	45
250	56
250	72
250	71
250	63
250	54
250	65
250	59
250	55
250	65
250	71
250	87
250	61
250	60
250	77
250	70
250	53
250	54
250	46
250	71
250	54
250	65
250	56
250	60
250	64
250	57
250	50
250	60
250	49
250	62
250	62
250	50
250	59
250	82
250	65
250	61
250	56
250	66
250	60
250	61
250	64
250	63
250	70
250	73
250	61
250	69
250	74
250	59
250	56
250	58
250	51
250	65
250	56
250	63
250	58
250	49
250	63
250	55
250	50
250	47
250	72
250	54
250	74
250	68
250	64
250	57
250	68
250	67
250	70
250	58
250	50
250	66
250	58
250	54
250	70
250	52
250	67
250	63
250	53
250	57
250	48
250	54
250	58
250	53
250	54
250	47
250	59
250	68
250	66
250	58
250	54
250	57
250	52
250	59
250	65
250	58
250	71
250	52
250	64
250	62
250	53
250	56
250	66
250	49
250	59
250	60
250	54
250	69
250	65
250	73
250	69
250	64
250	68
250	74
250	59
250	60
250	51
250	67
250	65
250	56
250	53
250	59
250	52
250	61
250	70
250	71
250	71
250	67
250	57
250	60
250	65
250	60
250	53
250	70
250	63
250	66
250	70
250	71
250	60
250	73
250	48
250	54
250	63
250	66
250	64
250	82
250	51
250	70
250	57
250	58
250	78
250	63
250	69
250	60
250	75
250	74
250	60
250	66
250	67
250	71
250	60
250	56
250	57
250	65
250	79
250	56
250	42
250	45
250	67
250	56
250	68
250	46
250	50
250	40
250	59
250	42
250	51
250	61
250	55
250	57
250	58
250	78
250	60
250	50
250	73
250	50
250	53
250	58
250	60
250	58
250	59
250	62
250	66
250	64
250	70
250	63
250	68
250	51
250	58
250	66
250	69
250	56
250	60
250	63
250	68
250	55
250	65
250	57
250	70
250	69
250	54
250	69
250	78
250	56
250	49
250	57
250	73
250	62
250	66
250	57
250	55
250	57
250	65
250	54
250	65
250	61
250	49
250	48
250	69
250	66
250	60
250	80
250	67
250	59
250	67
250	60
250	62
250	75
250	65
250	59
250	64
250	68
250	59
250	62
250	61
250	61
250	60
250	73
250	63
250	61
250	65
250	59
250	85
250	67
250	56
250	53
250	61
250	66
250	79
250	57
250	66
250	54
250	61
250	75
250	54
250	45
250	68
250	63
250	66
250	53
250	56
250	58
250	60
250	56
250	45
250	76
250	61
250	60
250	53
250	64
250	47
250	54
250	60
250	71
250	54
250	55
250	59
250	68
250	50
250	72
250	55
250	54
250	81
250	73
250	59
250	49
250	60
250	54
250	55
250	70
250	56
250	61
250	70
250	66
250	61
250	64
250	64
250	70
250	60
250	50
250	56
250	44
250	63
250	59
250	74
250	59
250	64
250	58
250	59
250	62
250	69
250	57
250	48
250	63
250	58
250	56
250	65
250	62
250	66
250	58
250	62
250	58
250	61
250	69
250	63
250	60
250	58
250	64
250	58
250	63
250	50
250	65
250	49
250	62
250	61
250	71
250	57
250	61
250	53
250	78
250	62
250	66
250	65
250	52
250	62
250	63
250	61
250	58
250	54
250	61
250	50
250	57
250	56
250	55
250	59
250	69
250	46
250	58
250	70
250	61
250	61
250	66
250	64
250	68
250	59
250	56
250	71
250	75
250	62
250	53
250	65
250	66
250	63
250	67
250	57
250	67
250	45
250	58
250	59
250	68
250	69
250	57
250	61
250	65
250	67
250	56
250	65
250	61
250	59
250	59
250	68
250	50
250	63
250	74
250	71
250	67
250	68
250	72
250	56
250	63
250	54
250	55
250	70
250	53
250	59
250	45
250	74
250	53
250	58
250	62
250	59
250	60
250	58
250	61
250	56
250	61
250	63
250	72
250	60
250	73
250	68
250	71
250	55
250	69
250	62
250	67
250	68
250	60
250	64
250	62
250	59
250	57
250	53
250	63
250	76
250	52
250	76
250	57
250	62
250	49
250	59
250	68
250	65
250	70
250	68
250	70
250	61
250	59
250	60
250	70
250	66
250	58
250	54
250	57
250	61
250	66
250	73
250	47
250	62
250	59
250	66
250	64
250	62
250	73
250	64
250	59
250	65
250	60
250	56
250	41
250	54
250	68
250	57
250	62
250	53
250	65
250	56
250	63
250	55
250	61
250	71
250	64
250	63
250	62
250	55
250	71
250	68
250	59
250	68
250	50
250	62
250	62
250	72
250	64
250	71
250	53
250	68
250	67
250	53
250	58
250	68
250	75
250	79
250	63
250	70
250	70
250	64
250	76
250	59
250	62
250	58
250	72
250	68
250	77
250	73
250	73
250	60
250	63
250	59
250	62
250	59
250	49
250	59
250	56
250	62
250	69
250	65
250	53
250	62
250	58
250	77
250	65
250	64
250	69
250	53
250	57
250	61
250	72
250	60
250	65
250	54
250	56
250	62
250	61
250	57
250	73
250	56
250	78
250	71
250	47
250	64
250	70
250	49
250	58
250	58
250	64
250	51
250	82
250	76
250	74
250	54
250	70
250	60
250	67
250	61
250	62
250	70
250	60
250	51
250	61
250	62
250	58
250	54
250	58
250	70
250	54
250	67
250	60
250	54
250	70
250	70
250	51
250	66
250	63
250	53
250	53
250	51
250	72
250	62
250	57
250	66
250	52
250	59
250	50
250	61
250	69
250	69
250	64
250	53
250	54
250	64
250	60
250	62
250	81
250	66
250	69
250	59
250	79
250	55
250	59
250	53
250	57
250	54
250	55
250	55
250	54
250	62
250	48
250	57
250	67
250	52
250	60
250	53
250	59
250	65
250	62
250	66
250	68
250	49
250	69
250	53
250	68
250	55
250	56
250	58
250	65
250	59
250	67
250	60
250	58
250	65
250	79
250	61
250	50
250	57
250	58
250	59
250	68
250	70
250	52
250	63
250	67
250	70
250	56
250	57
250	68
250	55
250	68
250	59
250	59
250	70
250	64
250	73
250	60
250	51
250	63
250	48
250	54
250	59
250	80
250	76
250	47
250	65
250	66
250	66
250	67
250	53
250	51
250	79
250	52
250	61
250	68
250	71
250	61
250	64
250	55
250	66
250	40
250	61
250	59
250	59
250	59
250	55
250	64
250	53
250	64
250	58
250	61
250	59
250	62
250	59
250	65
250	64
250	72
250	61
250	50
250	52
250	59
250	66
250	77
250	57
250	57
250	52
250	62
250	56
250	56
250	63
250	66
250	59
250	61
250	62
250	61
250	57
250	67
250	64
250	69
250	69
250	69
250	50
250	59
250	51
250	56
250	65
250	57
250	67
250	72
250	64
250	73
250	72
250	58
250	75
250	71
250	59
250	64
250	69
250	68
250	64
250	66
250	61
250	44
250	61
250	65
250	56
250	69
250	51
250	74
250	62
250	53
250	63
250	82
250	58
250	53
250	65
250	62
250	60
250	58
250	53
250	79
250	53
250	63
250	55
250	48
250	53
250	60
250	61
250	80
250	58
250	61
250	64
250	60
250	70
250	51
250	62
250	52
250	72
250	86
250	72
250	68
250	45
250	60
250	69
250	72
250	65
250	82
250	67
250	63
250	62
250	63
250	58
250	60
250	56
250	64
250	60
250	64
250	70
250	51
250	85
250	61
250	67
250	65
250	77
250	61
250	60
250	68
250	67
250	74
250	49
250	75
250	57
250	64
250	59
250	78
250	73
250	52
250	55
250	78
250	57
250	65
250	74
250	64
250	52
250	66
250	59
250	59
250	65
250	58
250	47
250	69
250	63
250	68
250	84
250	61
250	59
250	54
250	63
250	66
250	64
250	70
250	60
250	63
250	55
250	66
250	58
250	78
250	56
250	62
250	53
250	60
250	61
250	63
250	47
250	51
250	61
250	57
250	50
250	63
250	48
250	58
250	53
250	45
250	51
250	64
250	66
250	71
250	79
250	52
250	60
250	72
250	65
300	33
300	32
300	38
300	39
300	34
300	26
300	30
300	34
300	24
300	30
300	31
300	34
300	30
300	30
300	27
300	39
300	32
300	34
300	17
300	29
300	26
300	32
300	24
300	36
300	35
300	31
300	30
300	27
300	36
300	25
300	35
300	31
300	31
300	28
300	37
300	28
300	26
300	31
300	34
300	24
300	38
300	39
300	23
300	37
300	35
300	38
300	26
300	34
300	36
300	26
300	39
300	32
300	25
300	34
300	28
300	36
300	34
300	27
300	31
300	29
300	34
300	36
300	29
300	25
300	41
300	30
300	25
300	31
300	37
300	30
300	25
300	34
300	27
300	24
300	27
300	34
300	30
300	26
300	28
300	33
300	27
300	26
300	22
300	21
300	27
300	32
300	29
300	27
300	38
300	20
300	33
300	32
300	22
300	29
300	39
300	23
300	22
300	30
300	32
300	33
300	24
300	34
300	22
300	34
300	34
300	25
300	32
300	38
300	24
300	29
300	29
300	41
300	25
300	32
300	27
300	29
300	25
300	35
300	25
300	23
300	47
300	30
300	27
300	38
300	24
300	25
300	38
300	26
300	23
300	38
300	26
300	33
300	27
300	33
300	32
300	37
300	33
300	35
300	21
300	31
300	23
300	36
300	31
300	18
300	39
300	32
300	24
300	22
300	29
300	33
300	21
300	25
300	31
300	30
300	28
300	24
300	42
300	33
300	27
300	36
300	36
300	30
300	29
300	29
300	35
300	25
300	26
300	19
300	27
300	26
300	32
300	32
300	28
300	27
300	35
300	34
300	34
300	45
300	29
300	30
300	21
300	34
300	36
300	29
300	31
300	33
300	35
300	38
300	35
300	26
300	31
300	22
300	24
300	40
300	32
300	28
300	29
300	27
300	33
300	25
300	39
300	28
300	41
300	37
300	36
300	26
300	39
300	27
300	18
300	23
300	26
300	25
300	34
300	27
300	32
300	28
300	28
300	28
300	26
300	30
300	34
300	34
300	26
300	36
300	34
300	28
300	29
300	30
300	29
300	35
300	30
300	28
300	39
300	35
300	36
300	33
300	33
300	40
300	24
300	21
300	30
300	28
300	33
300	30
300	27
300	28
300	33
300	30
300	27
300	33
300	30
300	34
300	27
300	29
300	30
300	30
300	39
300	24
300	30
300	28
300	32
300	32
300	34
300	36
300	28
300	21
300	35
300	20
300	30
300	28
300	31
300	31
300	26
300	30
300	29
300	25
300	27
300	28
300	35
300	37
300	31
300	31
300	23
300	29
300	34
300	30
300	31
300	25
300	34
300	41
300	25
300	29
300	44
300	38
300	46
300	32
300	30
300	22
300	30
300	37
300	29
300	36
300	20
300	34
300	23
300	38
300	37
300	32
300	25
300	29
300	39
300	33
300	40
300	33
300	26
300	25
300	23
300	34
300	22
300	35
300	31
300	27
300	34
300	24
300	33
300	32
300	34
300	32
300	29
300	29
300	35
300	30
300	33
300	20
300	35
300	25
300	36
300	25
300	21
300	36
300	30
300	30
300	42
300	34
300	33
300	25
300	25
300	31
300	38
300	24
300	30
300	29
300	31
300	28
300	35
300	34
300	30
300	33
300	37
300	30
300	24
300	29
300	36
300	23
300	31
300	25
300	26
300	23
300	38
300	36
300	30
300	32
300	29
300	36
300	29
300	32
300	28
300	31
300	27
300	27
300	22
300	28
300	27
300	31
300	29
300	31
300	30
300	32
300	37
300	28
300	23
300	32
300	33
300	24
300	30
300	30
300	33
300	27
300	26
300	27
300	33
300	33
300	33
300	39
300	31
300	30
300	36
300	26
300	43
300	27
300	27
300	29
300	34
300	33
300	27
300	36
300	27
300	30
300	29
300	33
300	33
300	38
300	38
300	40
300	33
300	25
300	35
300	23
300	26
300	22
300	31
300	27
300	33
300	39
300	27
300	27
300	30
300	25
300	34
300	34
300	34
300	32
300	38
300	29
300	28
300	30
300	42
300	35
300	29
300	32
300	30
300	30
300	23
300	25
300	26
300	28
300	27
300	37
300	42
300	32
300	24
300	32
300	23
300	31
300	34
300	30
300	26
300	24
300	38
300	24
300	31
300	36
300	32
300	40
300	35
300	34
300	22
300	27
300	30
300	12
300	38
300	35
300	34
300	24
300	33
300	31
300	32
300	28
300	47
300	40
300	27
300	25
300	18
300	30
300	29
300	29
300	23
300	39
300	34
300	37
300	29
300	37
300	32
300	40
300	23
300	25
300	35
300	40
300	37
300	24
300	30
300	27
300	33
300	41
300	33
300	31
300	39
300	38
300	27
300	23
300	36
300	24
300	30
300	34
300	31
300	33
300	30
300	34
300	32
300	30
300	38
300	38
300	24
300	31
300	26
300	27
300	31
300	28
300	37
300	30
300	33
300	26
300	39
300	31
300	31
300	27
300	33
300	34
300	30
300	28
300	37
300	39
300	35
300	35
300	32
300	24
300	36
300	31
300	35
300	33
300	37
300	31
300	31
300	34
300	26
300	31
300	30
300	24
300	29
300	40
300	26
300	32
300	30
300	42
300	37
300	32
300	30
300	23
300	39
300	31
300	22
300	20
300	29
300	22
300	35
300	30
300	28
300	32
300	29
300	34
300	37
300	32
300	32
300	47
300	40
300	25
300	26
300	26
300	28
300	40
300	28
300	29
300	23
300	29
300	35
300	32
300	35
300	29
300	31
300	28
300	35
300	31
300	38
300	27
300	27
300	34
300	40
300	42
300	35
300	26
300	30
300	35
300	27
300	36
300	44
300	31
300	32
300	31
300	28
300	29
300	31
300	39
300	25
300	38
300	23
300	36
300	29
300	28
300	28
300	34
300	30
300	31
300	27
300	27
300	29
300	29
300	43
300	34
300	32
300	28
300	37
300	39
300	28
300	19
300	37
300	39
300	29
300	37
300	39
300	28
300	39
300	26
300	39
300	26
300	33
300	26
300	38
300	34
300	25
300	25
300	23
300	26
300	32
300	34
300	24
300	34
300	27
300	26
300	29
300	26
300	31
300	29
300	27
300	27
300	27
300	31
300	42
300	26
300	29
300	33
300	36
300	31
300	21
300	28
300	27
300	34
300	32
300	27
300	36
300	39
300	25
300	32
300	23
300	32
300	29
300	26
300	31
300	29
300	29
300	23
300	33
300	36
300	32
300	27
300	28
300	39
300	22
300	36
300	31
300	26
300	33
300	30
300	27
300	37
300	25
300	41
300	32
300	27
300	36
300	29
300	32
300	27
300	20
300	32
300	25
300	29
300	30
300	20
300	25
300	36
300	26
300	32
300	40
300	40
300	20
300	38
300	39
300	29
300	24
300	32
300	27
300	27
300	31
300	27
300	37
300	37
300	42
300	30
300	24
300	35
300	32
300	30
300	37
300	33
300	25
300	29
300	29
300	31
300	28
300	25
300	20
300	31
300	19
300	43
300	37
300	24
300	41
300	30
300	28
300	26
300	27
300	42
300	33
300	15
300	22
300	44
300	25
300	33
300	31
300	22
300	29
300	37
300	22
300	32
300	41
300	44
300	36
300	35
300	37
300	34
300	31
300	27
300	32
300	30
300	33
300	26
300	26
300	32
300	27
300	42
300	27
300	28
300	35
300	30
300	40
300	33
300	31
300	32
300	28
300	31
300	25
300	29
300	30
300	32
300	30
300	30
300	29
300	30
300	30
300	38
300	28
300	39
300	29
300	30
300	25
300	28
300	38
300	31
300	27
300	32
300	40
300	36
300	32
300	27
300	28
300	21
300	42
300	31
300	32
300	37
300	32
300	21
300	26
300	35
300	35
300	25
300	36
300	33
300	40
300	29
300	32
300	30
300	38
300	38
300	34
300	42
300	34
300	27
300	37
300	33
300	29
300	32
300	30
300	27
300	30
300	35
300	31
300	33
300	34
300	28
300	27
300	24
300	28
300	29
300	34
300	31
300	30
300	25
300	38
300	35
300	35
300	32
300	29
300	30
300	29
300	31
300	33
300	31
300	30
300	30
300	26
300	32
300	25
300	32
300	36
300	38
300	32
300	32
300	25
300	29
300	37
300	31
300	35
300	25
300	33
300	34
300	29
300	37
300	27
300	32
300	39
300	24
300	34
300	30
300	39
300	43
300	39
300	27
300	37
300	27
300	37
300	25
300	34
300	26
300	31
300	34
300	34
300	31
300	41
300	33
300	37
300	35
300	18
300	35
300	38
300	30
300	43
300	33
300	33
300	34
300	30
300	32
300	25
300	26
300	34
300	39
300	27
300	27
300	35
300	34
300	41
300	28
300	23
300	35
300	24
300	22
300	26
300	33
300	32
300	38
300	26
300	31
300	21
300	27
300	32
300	32
300	31
300	31
300	28
300	27
300	24
300	34
300	32
300	30
300	29
300	27
300	23
300	21
300	21
300	19
300	38
300	28
300	30
300	44
300	33
300	32
300	32
300	25
300	39
300	32
350	13
350	16
350	17
350	10
350	18
350	13
350	9
350	19
350	18
350	12
350	10
350	31
350	13
350	12
350	22
350	13
350	16
350	14
350	10
350	17
350	14
350	15
350	11
350	13
350	16
350	19
350	10
350	16
350	12
350	15
350	23
350	15
350	12
350	12
350	18
350	10
350	22
350	21
350	17
350	12
350	13
350	13
350	17
350	14
350	17
350	15
350	17
350	10
350	9
350	11
350	14
350	9
350	17
350	19
350	12
350	19
350	17
350	11
350	16
350	19
350	11
350	20
350	16
350	17
350	21
350	11
350	12
350	10
350	15
350	15
350	11
350	14
350	20
350	15
350	15
350	18
350	14
350	15
350	11
350	12
350	12
350	16
350	7
350	15
350	8
350	14
350	22
350	17
350	5
350	11
350	16
350	19
350	15
350	16
350	9
350	9
350	16
350	11
350	12
350	8
350	19
350	14
350	17
350	15
350	13
350	15
350	22
350	19
350	10
350	14
350	13
350	13
350	15
350	14
350	11
350	14
350	20
350	8
350	15
350	15
350	16
350	16
350	14
350	15
350	16
350	14
350	21
350	10
350	15
350	10
350	16
350	24
350	9
350	20
350	16
350	15
350	19
350	8
350	12
350	20
350	6
350	20
350	21
350	16
350	17
350	14
350	19
350	16
350	8
350	17
350	15
350	17
350	12
350	13
350	20
350	10
350	17
350	9
350	9
350	12
350	12
350	16
350	31
350	13
350	11
350	19
350	13
350	7
350	20
350	16
350	18
350	10
350	20
350	18
350	19
350	17
350	14
350	15
350	16
350	15
350	16
350	15
350	12
350	14
350	13
350	16
350	13
350	8
350	8
350	15
350	15
350	13
350	17
350	20
350	17
350	21
350	14
350	12
350	10
350	13
350	8
350	10
350	12
350	8
350	13
350	15
350	16
350	14
350	16
350	14
350	14
350	14
350	13
350	12
350	22
350	12
350	20
350	17
350	13
350	12
350	12
350	13
350	13
350	10
350	12
350	18
350	19
350	21
350	14
350	18
350	22
350	14
350	16
350	14
350	20
350	14
350	19
350	12
350	9
350	16
350	18
350	13
350	21
350	24
350	14
350	9
350	20
350	14
350	13
350	6
350	16
350	12
350	14
350	15
350	10
350	13
350	11
350	15
350	11
350	18
350	14
350	12
350	17
350	15
350	17
350	6
350	23
350	17
350	14
350	13
350	11
350	14
350	12
350	15
350	17
350	16
350	24
350	20
350	11
350	16
350	22
350	14
350	11
350	14
350	10
350	15
350	9
350	20
350	13
350	9
350	15
350	10
350	12
350	16
350	7
350	15
350	12
350	11
350	19
350	9
350	11
350	18
350	13
350	18
350	12
350	21
350	19
350	13
350	15
350	12
350	15
350	9
350	14
350	13
350	17
350	14
350	12
350	12
350	16
350	18
350	10
350	16
350	12
350	12
350	10
350	16
350	25
350	11
350	18
350	20
350	11
350	14
350	12
350	23
350	17
350	11
350	14
350	20
350	18
350	6
350	16
350	11
350	7
350	16
350	18
350	13
350	15
350	13
350	22
350	12
350	9
350	15
350	18
350	11
350	10
350	16
350	11
350	11
350	18
350	16
350	15
350	18
350	15
350	22
350	11
350	13
350	13
350	21
350	14
350	14
350	16
350	13
350	15
350	12
350	16
350	13
350	13
350	10
350	17
350	16
350	17
350	20
350	15
350	19
350	18
350	15
350	18
350	12
350	13
350	13
350	10
350	16
350	15
350	14
350	20
350	16
350	15
350	11
350	14
350	11
350	11
350	19
350	12
350	11
350	21
350	13
350	11
350	20
350	20
350	12
350	13
350	5
350	12
350	19
350	15
350	18
350	13
350	12
350	17
350	15
350	21
350	27
350	14
350	10
350	10
350	21
350	14
350	15
350	10
350	9
350	7
350	15
350	14
350	10
350	9
350	10
350	11
350	15
350	18
350	13
350	19
350	17
350	15
350	18
350	13
350	18
350	17
350	16
350	16
350	18
350	17
350	11
350	13
350	14
350	19
350	19
350	14
350	15
350	11
350	12
350	11
350	14
350	10
350	8
350	11
350	11
350	17
350	9
350	17
350	15
350	11
350	11
350	23
350	15
350	9
350	9
350	11
350	11
350	14
350	15
350	18
350	16
350	18
350	22
350	12
350	17
350	12
350	10
350	13
350	11
350	20
350	16
350	16
350	17
350	18
350	22
350	18
350	14
350	17
350	13
350	16
350	14
350	10
350	17
350	12
350	11
350	13
350	16
350	27
350	13
350	13
350	15
350	11
350	12
350	13
350	13
350	16
350	13
350	16
350	20
350	18
350	8
350	13
350	11
350	12
350	17
350	17
350	13
350	18
350	8
350	11
350	16
350	20
350	13
350	20
350	9
350	8
350	17
350	17
350	17
350	18
350	17
350	9
350	12
350	15
350	16
350	18
350	13
350	17
350	20
350	12
350	9
350	7
350	18
350	12
350	13
350	16
350	15
350	12
350	22
350	15
350	11
350	16
350	16
350	11
350	15
350	9
350	14
350	17
350	13
350	14
350	13
350	12
350	19
350	17
350	16
350	17
350	9
350	15
350	9
350	13
350	14
350	18
350	12
350	11
350	13
350	17
350	12
350	13
350	18
350	19
350	11
350	23
350	18
350	15
350	20
350	15
350	15
350	19
350	12
350	8
350	9
350	18
350	18
350	15
350	23
350	18
350	16
350	15
350	19
350	14
350	11
350	8
350	15
350	13
350	14
350	20
350	14
350	23
350	14
350	8
350	12
350	16
350	10
350	19
350	18
350	14
350	12
350	18
350	15
350	16
350	19
350	19
350	19
350	12
350	13
350	17
350	13
350	11
350	10
350	17
350	18
350	14
350	15
350	9
350	12
350	15
350	15
350	12
350	11
350	14
350	12
350	12
350	19
350	12
350	18
350	9
350	13
350	7
350	12
350	10
350	12
350	15
350	19
350	13
350	5
350	14
350	11
350	8
350	12
350	13
350	19
350	10
350	11
350	10
350	14
350	15
350	11
350	12
350	13
350	12
350	9
350	13
350	13
350	15
350	7
350	11
350	9
350	9
350	19
350	12
350	17
350	11
350	8
350	16
350	13
350	18
350	14
350	14
350	14
350	15
350	15
350	13
350	13
350	12
350	16
350	17
350	10
350	9
350	21
350	19
350	12
350	16
350	17
350	24
350	23
350	13
350	16
350	15
350	17
350	15
350	13
350	18
350	14
350	7
350	12
350	15
350	12
350	17
350	9
350	13
350	11
350	10
350	10
350	10
350	9
350	12
350	18
350	13
350	13
350	12
350	13
350	7
350	20
350	19
350	16
350	24
350	11
350	15
350	16
350	16
350	11
350	10
350	13
350	17
350	14
350	11
350	15
350	17
350	16
350	14
350	15
350	16
350	18
350	8
350	12
350	19
350	7
350	12
350	9
350	20
350	13
350	15
350	15
350	16
350	6
350	14
350	21
350	20
350	13
350	18
350	17
350	13
350	11
350	11
350	10
350	23
350	20
350	15
350	17
350	18
350	20
350	20
350	15
350	15
350	19
350	12
350	13
350	16
350	14
350	13
350	17
350	20
350	16
350	18
350	17
350	13
350	14
350	16
350	19
350	13
350	10
350	15
350	19
350	21
350	17
350	22
350	15
350	17
350	12
350	15
350	12
350	9
350	22
350	8
350	20
350	15
350	24
350	13
350	16
350	12
350	18
350	18
350	13
350	14
350	17
350	13
350	18
350	16
350	16
350	10
350	17
350	13
350	13
350	16
350	12
350	13
350	9
350	15
350	14
350	19
350	13
350	13
350	17
350	16
350	15
350	13
350	18
350	13
350	20
350	13
350	14
350	14
350	13
350	13
350	10
350	19
350	14
350	5
350	19
350	14
350	16
350	18
350	10
350	10
350	13
350	11
350	15
350	18
350	16
350	16
350	14
350	11
350	13
350	14
350	21
350	18
350	20
350	5
350	13
350	16
350	17
350	15
350	16
350	16
350	9
350	15
350	20
350	15
350	18
350	13
350	14
350	8
350	12
350	18
350	13
350	17
350	14
350	12
350	19
350	12
350	16
350	13
350	14
350	13
350	13
350	12
350	13
350	16
350	12
350	15
350	20
350	11
350	11
350	15
350	12
350	24
350	15
350	21
350	17
350	16
350	15
350	15
350	16
350	17
350	14
350	11
350	22
350	15
350	9
350	13
350	9
350	13
350	21
350	16
350	12
350	12
350	18
350	14
350	15
350	4
350	9
350	20
350	12
350	20
350	20
350	13
350	11
350	14
350	9
350	14
350	11
350	17
350	18
350	15
350	18
350	13
350	15
350	18
350	13
350	13
350	19
350	7
350	13
350	21
350	13
350	15
350	18
350	17
350	11
350	13
350	12
350	17
350	17
350	17
350	17
350	16
350	15
350	11
350	15
350	19
350	19
350	12
350	21
350	24
350	13
350	7
350	15
350	16
350	18