137
124
125
112
130
116
129
138
137
119
126
124
128
134
139
118
117
115
126
141
141
103
127
136
118
111
131
124
121
141
126
145
140
122
135
108
126
122
118
127
129
105
134
132
125
122
137
125
112
117
137
114
101
134
104
118
142
131
105
134
131
130
136
117
112
136
126
135
140
117
135
114
144
122
128
123
121
144
125
112
119
116
127
132
126
123
134
113
131
123
105
137
118
116
116
131
107
110
132
111
150
110
127
126
130
127
119
121
128
122
135
113
126
140
124
137
130
132
127
134
118
130
121
132
124
131
130
120
120
134
124
134
149
120
112
131
126
118
135
112
147
119
114
109
126
125
123
120
134
127
116
126
128
119
126
118
114
123
105
110
141
107
122
122
125
130
114
126
122
123
121
137
130
129
142
114
110
115
116
127
129
125
108
124
110
127
126
139
120
128
139
133
116
130
136
125
104
119
134
110
122
127
133
124
114
135
124
118
113
128
137
130
113
120
117
119
146
99
109
123
132
133
130
117
130
145
117
136
122
129
140
124
127
134
135
136
117
105
137
126
121
115
133
122
110
124
132
141
128
127
116
144
121
125
121
126
115
121
129
139
131
117
130
134
143
124
133
131
131
128
123
128
117
130
109
122
122
129
102
113
112
132
130
130
113
137
105
123
131
125
119
114
140
124
117
115
130
114
126
117
134
122
126
116
135
121
115
99
124
111
108
124
106
114
118
116
123
127
138
117
123
120
125
144
118
112
106
135
120
99
112
139
128
122
116
125
124
126
116
125
112
123
110
141
130
123
107
112
126
116
128
133
106
117
113
109
137
113
116
125
129
118
125
127
137
104
118
118
120
124
124
132
125
118
119
134
128
113
119
119
139
137
132
125
120
127
123
116
136
110
142
109
138
117
111
110
123
111
119
118
108
126
116
131
125
137
126
129
128
138
123
129
124
109
119
117
115
129
122
104
100
120
140
108
120
122
125
142
111
140
132
128
126
112
129
121
108
129
110
119
120
123
97
117
127
122
129
128
121
121
120
134
111
115
143
130
136
114
105
125
113
131
122
120
133
110
131
123
132
107
123
123
124
123
138
124
133
129
110
131
116
124
136
125
128
116
119
105
129
119
118
109
109
131
112
131
116
127
101
111
122
131
124
131
133
122
132
131
120
127
124
123
121
96
143
136
124
118
119
114
124
118
126
118
122
114
113
121
129
105
119
116
113
117
124
134
117
122
123
122
103
106
133
116
106
124
140
104
125
132
112
116
127
129
126
115
142
132
86
122
122
138
110
122
140
112
108
132
104
114
122
105
110
123
114
119
133
114
111
133
124
107
122
112
140
114
141
122
136
122
123
129
126
126
150
116
120
145
117
119
126
108
110
118
104
115
127
124
110
109
110
111
132
134
103
120
109
128
124
119
116
118
133
143
108
118
114
119
118
110
119
128
118
128
105
120
119
124
121
116
146
109
125
121
114
133
144
116
95
126
118
114
115
109
113
114
127
119
116
92
113
118
122
136
123
114
108
116
121
130
152
118
126
123
120
137
124
112
103
116
121
113
135
118
114
128
126
128
127
143
128
131
113
142
146
105
138
117
127
127
120
116
133
127
135
132
112
130
127
104
143
121
134
133
117
112
117
133
139
121
129
128
111
131
136
124
133
121
131
118
101
94
122
130
143
124
115
125
138
98
122
126
121
118
112
121
116
131
135
111
125
124
135
128
113
130
109
117
109
127
117
110
115
138
130
129
126
131
116
135
124
117
108
125
115
111
121
120
126
149
117
112
134
114
131
139
127
129
136
109
122
128
121
116
117
111
134
108
103
122
114
105
112
123
112
131
122
134
114
113
139
104
141
118
131
134
119
124
130
126
123
141
122
106
117
136
104
109
107
130
125
128
135
100
97
118
121
145
112
130
126
122
127
118
130
131
125
137
111
125
111
115
97
108
108
118
134
110
109
128
120
134
114
119
114
119
132
112
110
131
107
129
107
96
127
123
121
132
119
139
119
139
119
128
118
130
126
112
109
135
120
124
116
101
137
116
137
128
134
97
136
113
118
142
105
109
117
125
131
112
154
129
114
130
140
106
125
103
119
137
126
113
138
120
116
122
116
119
117
112
118
121
120
128
149
122
116
132
112
135
113
121
140
117
118
109
118
126
119
119
131
131
128
120
129
118
104
125
138
150
124
106
133
139
124
103
102
120
124
134
125
116
132
128
119
117
127
112
137
122
117
139
112
133
122
125
135
127
105
140
124
130
108
119
113
130
108
118
129
146
