81
78
72
80
72
62
74
59
80
74
61
71
72
69
76
75
86
62
61
73
69
69
82
76
81
69
71
76
76
73
74
64
69
80
87
66
71
71
67
85
59
70
83
61
67
90
80
72
60
85
54
86
78
73
73
65
66
63
75
88
82
82
75
75
73
60
73
71
65
76
72
69
94
73
70
70
83
59
62
76
75
69
63
90
65
68
97
72
72
81
82
77
69
96
76
75
84
79
58
86
68
68
67
58
76
63
78
88
71
75
73
90
69
77
65
81
74
82
84
61
72
65
74
75
82
76
73
47
80
63
71
70
81
65
63
66
76
59
67
69
73
70
70
66
81
77
92
85
74
72
72
64
58
65
73
67
77
76
65
70
70
74
74
76
68
84
64
70
53
70
73
67
62
67
75
72
69
63
71
62
66
75
64
66
77
67
79
85
65
80
77
64
69
66
65
82
66
80
77
61
82
67
78
69
56
78
67
62
67
73
76
61
83
82
79
78
74
67
73
76
83
64
67
74
62
60
53
67
75
80
59
68
74
74
81
66
55
70
66
56
80
83
73
72
85
52
86
75
63
66
81
73
82
66
51
85
82
60
75
81
84
66
72
76
72
82
73
73
73
73
78
75
81
63
65
74
55
76
76
72
87
69
69
60
76
76
67
60
71
74
74
62
67
85
66
64
67
76
78
74
65
71
78
90
69
65
70
63
80
83
76
87
66
81
67
81
82
67
62
72
66
81
66
73
69
76
74
70
70
71
84
83
63
63
74
77
80
58
76
70
72
89
96
88
67
69
84
65
62
85
73
64
76
68
69
58
76
74
81
84
78
73
75
83
83
59
64
64
67
61
67
75
77
76
79
66
84
80
81
74
72
73
81
84
80
66
78
75
64
76
65
65
55
76
67
86
68
58
66
75
70
71
60
94
60
79
71
76
71
79
63
66
88
91
71
78
71
69
91
82
80
59
53
71
84
66
75
58
82
84
74
64
67
78
70
81
74
70
72
66
73
71
88
81
72
60
75
61
60
72
77
66
64
63
68
68
72
82
70
73
73
67
78
61
80
73
68
74
72
81
69
69
67
76
66
64
57
63
72
66
76
74
80
79
78
76
62
88
80
85
80
63
63
59
77
70
65
71
70
64
85
85
77
69
76
65
69
59
77
68
85
78
78
67
62
71
72
74
72
87
79
79
71
77
58
84
78
69
79
65
80
81
77
82
77
76
84
78
90
72
66
64
75
73
63
76
64
67
68
75
56
68
71
63
66
72
83
60
60
77
67
75
67
63
63
86
79
71
63
75
74
69
56
76
81
68
82
73
66
70
69
63
58
77
68
69
74
72
58
72
81
68
73
74
74
79
67
66
83
66
86
69
69
84
78
62
77
81
64
59
80
85
87
74
71
72
79
73
86
73
57
74
73
72
83
75
58
66
82
65
57
72
66
75
74
73
78
76
88
66
84
63
70
73
70
71
74
67
83
71
61
65
87
69
77
61
71
71
60
66
72
73
49
89
76
77
82
73
77
85
69
73
66
89
73
82
64
78
63
81
78
79
60
89
71
82
63
59
59
71
49
62
80
68
61
71
74
68
73
76
60
82
80
69
78
71
60
67
74
74
75
82
71
71
75
58
69
72
72
68
85
76
62
83
91
70
55
52
66
79
88
76
79
64
80
69
81
60
63
77
81
71
91
70
67
77
79
77
71
63
78
72
80
84
59
82
73
65
75
86
88
82
84
78
68
77
78
73
73
64
84
74
89
77
71
62
82
76
63
73
66
66
71
79
78
68
67
76
65
60
83
87
63
64
66
64
63
77
67
70
71
73
67
74
61
60
70
70
88
74
69
74
73
88
67
53
71
65
62
77
66
65
71
76
72
62
77
75
74
59
73
87
71
66
73
52
65
74
65
69
76
68
73
77
79
60
84
74
64
74
69
68
74
63
72
81
60
83
73
74
72
94
69
82
67
65
86
67
71
84
71
91
80
61
79
71
74
78
78
86
67
69
73
72
76
72
73
72
69
76
84
78
57
55
64
79
71
69
70
71
90
78
90
78
73
77
62
85
65
80
61
71
63
75
64
74
75
85
90
75
66
68
90
66
72
100
65
50
68
79
65
53
80
69
88
70
92
60
84
65
75
75
59
75
77
75
68
70
76
66
77
79
65
85
75
79
60
76
65
54
65
65
62
62
82
82
74
69
69
65
77
79
69
68
69
87
68
72
79
57
72
61
68
73
63
90
68
78
74
75
66
74
65
70
74
69
70
77
84
75
