17
27
29
19
25
22
19
30
30
26
27
16
22
22
27
22
21
17
28
28
27
22
17
20
14
30
23
20
18
25
27
22
25
27
25
23
25
29
23
29
20
26
29
23
18
27
21
32
19
29
21
23
28
21
13
21
15
20
27
28
26
19
20
26
25
19
23
22
25
28
28
18
22
19
24
22
30
21
17
23
23
22
19
20
21
24
22
26
19
23
34
23
26
28
16
30
26
31
24
18
24
29
25
27
23
22
29
10
27
38
21
21
33
27
19
20
23
25
24
33
16
34
27
14
18
21
38
15
27
21
12
27
26
17
23
29
25
21
29
31
25
23
18
24
24
30
22
21
15
25
29
24
25
20
21
26
19
23
22
19
23
17
13
31
34
26
24
18
11
30
19
18
16
26
20
27
27
18
23
23
22
30
23
20
24
25
15
28
22
26
27
21
27
22
34
14
27
23
23
24
23
25
28
28
28
17
26
20
27
36
23
16
26
18
25
15
20
23
22
17
23
21
28
17
25
21
17
23
23
25
18
24
18
18
18
33
29
17
23
18
35
28
26
22
20
23
21
22
26
14
25
29
20
25
25
17
15
21
23
33
28
27
24
17
27
27
22
18
29
17
25
28
18
18
21
23
29
31
15
24
28
26
16
16
29
21
23
42
19
20
26
23
25
21
26
27
20
28
24
23
28
23
24
32
20
20
27
24
20
21
20
16
23
29
19
31
26
21
16
26
22
21
20
31
22
18
23
30
29
25
22
25
23
28
26
14
34
16
25
20
23
26
21
33
20
23
29
23
21
25
29
19
23
23
19
18
14
30
24
26
22
24
26
20
17
19
21
24
30
24
33
17
32
30
25
16
21
21
27
30
24
24
22
18
27
19
24
17
22
21
19
18
20
33
19
22
26
21
23
24
19
19
22
25
16
22
15
21
22
24
28
15
24
23
26
26
23
17
20
27
34
19
24
28
19
26
18
24
28
21
22
29
27
22
20
18
23
19
28
25
31
23
27
20
20
28
24
28
35
19
28
17
20
18
20
21
22
26
23
28
26
25
20
23
28
16
25
29
24
22
22
14
19
21
20
25
25
18
17
26
29
20
28
22
37
19
21
18
25
21
22
24
22
27
29
29
24
19
23
19
20
32
16
19
13
27
18
19
30
20
27
20
26
14
28
23
20
26
19
22
24
28
23
23
22
26
25
17
22
27
19
16
24
30
19
18
23
27
21
28
25
28
17
14
27
16
24
14
24
22
15
27
15
28
17
35
23
22
25
24
18
18
25
30
21
23
21
20
23
20
27
28
26
21
21
30
23
21
13
22
29
29
26
21
26
27
23
20
32
25
26
21
19
16
17
27
20
23
24
23
27
27
29
26
29
23
25
22
17
24
26
21
21
25
22
23
21
27
32
23
27
23
22
31
25
18
34
25
23
18
19
30
24
19
25
18
26
18
23
20
20
25
27
27
29
20
24
21
29
22
26
24
21
19
28
27
22
16
21
17
23
22
16
26
24
23
25
17
26
21
20
20
26
30
20
23
22
29
26
34
17
27
18
20
29
21
11
27
24
25
29
25
17
23
27
29
26
24
21
12
26
23
15
38
19
20
32
28
27
18
25
24
23
19
23
14
20
22
34
26
29
21
27
23
22
23
28
19
28
22
28
21
26
30
23
22
22
24
28
21
19
19
20
19
20
24
22
25
21
19
27
26
21
24
25
19
27
22
36
24
29
22
33
16
38
25
17
22
17
26
27
30
24
24
24
22
28
42
17
20
23
21
30
17
35
22
29
18
20
24
21
19
33
19
25
27
34
21
23
18
30
19
26
32
25
24
25
20
26
19
28
25
24
32
20
24
20
22
25
23
21
32
27
34
28
19
26
30
25
21
26
18
19
27
32
22
24
26
33
19
29
26
29
25
21
26
19
24
26
23
16
24
28
31
23
21
18
16
19
28
25
19
30
37
25
22
24
23
24
20
28
34
28
27
20
29
22
18
21
16
22
18
19
22
27
17
19
32
16
26
26
21
26
21
20
32
25
21
21
15
31
19
21
24
21
30
21
24
27
26
17
19
16
26
22
31
19
13
17
24
21
21
22
22
29
22
20
17
20
28
29
28
23
19
25
30
30
34
25
31
34
19
19
20
30
15
22
27
14
22
21
33
17
24
26
31
19
22
21
25
35
26
17
22
23
26
20
21
23
23
26
22
18
19
21
28
25
25
30
28
25
20
26
24
26
21
25
31
30
24
21
27
24
17
24
31
23
33
29
22
