215
239
210
234
223
187
234
214
202
197
213
253
227
206
221
210
220
180
213
196
210
211
218
215
217
218
201
209
240
189
212
181
211
205
198
200
208
256
201
223
207
229
232
205
206
223
212
209
203
216
215
217
251
205
203
226
242
218
225
198
226
216
202
210
222
196
237
221
238
224
234
240
211
213
198
216
180
248
208
214
217
207
231
240
218
204
182
200
218
239
227
228
208
247
223
199
187
235
211
189
218
214
219
197
204
201
217
208
226
220
236
215
185
209
203
216
228
225
272
223
217
205
226
235
226
199
223
212
232
201
224
191
192
228
239
213
244
192
215
210
205
196
226
211
198
208
216
214
221
252
208
234
218
240
196
210
204
236
228
232
222
209
220
222
211
196
216
218
216
221
206
230
207
195
219
209
220
213
187
222
229
227
190
207
228
197
222
188
217
192
197
239
204
207
210
217
204
210
192
221
208
217
213
235
216
225
206
213
187
217
225
219
208
207
225
237
220
185
205
208
216
201
208
197
217
199
208
229
206
201
206
219
244
205
233
208
222
210
226
206
199
208
236
233
205
221
239
218
196
189
205
219
194
212
223
215
239
226
229
186
216
223
214
218
217
203
212
181
222
218
212
205
188
209
217
244
226
191
195
188
187
200
229
235
210
225
205
231
210
216
235
204
202
243
219
214
207
192
206
248
215
256
208
214
217
217
226
205
227
222
221
224
217
196
214
190
224
222
228
200
213
199
239
219
249
232
220
198
217
219
193
232
214
239
202
208
220
224
230
209
220
198
205
236
211
211
222
235
246
208
240
203
203
216
230
207
202
234
217
200
224
231
214
236
228
202
188
219
196
202
198
223
194
210
216
206
218
220
220
218
217
215
211
225
193
218
200
221
222
193
202
242
219
200
200
205
210
188
206
234
185
233
198
178
210
215
242
188
220
224
207
198
259
238
188
221
201
205
217
241
211
209
237
228
232
237
209
248
214
220
234
194
213
191
219
192
216
198
213
232
215
230
216
224
186
209
216
207
244
227
222
208
205
218
186
181
199
233
242
193
216
235
211
214
225
242
212
210
222
227
209
215
220
223
196
210
204
206
224
232
218
220
221
186
214
230
216
214
207
213
207
201
228
207
208
176
189
214
190
209
217
194
205
209
206
244
224
218
225
203
212
184
192
204
213
227
203
230
204
222
242
215
215
204
227
216
220
215
203
212
201
218
209
209
189
228
203
219
236
207
239
218
189
191
248
215
201
200
227
202
214
217
210
240
214
213
183
227
201
213
212
205
212
228
195
219
199
174
211
235
204
219
221
221
221
210
216
202
217
204
229
215
189
221
226
207
198
230
196
223
243
234
209
217
219
211
213
207
249
209
207
200
208
204
190
209
226
249
222
233
191
195
212
217
176
238
206
219
217
198
190
234
203
226
189
221
216
207
212
225
209
210
192
191
177
238
205
248
217
208
208
223
228
234
209
254
229
211
225
230
213
215
202
213
221
236
233
209
220
229
215
211
217
199
215
234
203
224
205
222
214
229
197
202
204
231
194
213
214
196
211
187
230
203
236
209
226
207
189
212
232
218
221
221
197
221
237
205
215
201
223
184
195
213
198
197
230
207
219
201
220
200
207
221
237
189
245
239
228
230
246
227
232
259
214
218
219
202
225
214
231
199
177
230
209
210
216
199
212
251
215
201
222
200
207
197
206
190
217
216
211
191
217
246
218
222
232
179
212
190
226
235
208
229
228
228
216
231
207
241
230
209
222
182
204
217
235
223
201
203
215
188
211
211
214
223
238
211
232
241
187
238
217
230
203
226
222
202
224
197
204
201
247
226
223
224
221
199
202
195
189
230
202
238
204
194
219
220
207
217
201
213
215
232
239
218
233
201
208
213
190
200
205
198
226
217
201
240
219
230
238
210
230
223
231
195
200
227
183
213
201
216
232
205
191
197
226
220
211
202
243
197
192
194
214
243
213
206
220
203
212
186
204
215
229
220
210
209
203
248
212
230
201
235
221
215
204
215
221
207
192
211
198
239
217
221
218
222
206
190
236
215
229
204
257
209
232
221
205
237
228
210
201
218
220
191
203
229
215
250
183
220
215
196
247
221
215
208
222
232
225
221
221
222
210
232
212
211
198
236
209
185
218
222
210
231
210
242
190
227
229
204
243
225
221
227
235
211
233
227
219
218
222
218
216
217
207
210
200
234
205
209
213
200
216
201
224
195
240
228
208
230
180
210
223
217
233
211
207
224
205
219
203
206
211
226
206
214
218
210
