6
9
8
11
8
11
14
12
11
11
15
11
8
5
16
10
7
14
9
10
9
5
6
10
9
12
12
9
14
9
14
7
7
11
8
11
12
14
15
8
7
15
8
10
11
15
14
16
9
6
11
9
9
17
10
7
14
14
10
10
10
12
7
14
7
13
10
9
16
8
14
8
9
9
14
19
11
12
15
7
12
10
10
17
15
13
12
11
17
11
11
9
15
12
12
11
6
11
8
10
13
11
12
9
14
9
10
8
12
10
14
12
12
9
13
7
6
12
10
10
5
15
15
9
16
10
8
15
18
9
13
13
12
11
18
6
11
7
11
10
9
6
13
10
16
7
10
10
14
19
13
9
7
5
10
11
11
9
16
15
12
9
12
20
15
14
11
12
13
15
10
13
4
12
10
9
6
16
16
8
12
13
5
8
12
15
11
11
15
10
9
15
7
8
12
5
9
8
9
15
7
10
8
8
4
11
12
10
10
15
9
6
11
18
9
15
7
9
15
7
12
11
7
5
6
8
10
15
5
10
11
11
13
14
7
15
7
16
7
6
14
17
13
11
9
14
12
11
9
12
11
12
9
14
5
15
12
15
8
7
9
14
10
15
16
11
12
9
16
7
13
3
13
13
8
9
13
8
10
17
15
10
9
12
10
12
15
9
11
10
5
11
7
19
8
13
8
6
14
5
14
9
12
10
17
18
14
13
7
13
11
7
9
9
9
15
10
12
11
6
9
16
13
10
10
10
10
11
13
11
8
12
8
10
13
7
10
6
8
8
9
11
11
11
15
13
6
16
15
10
9
10
9
9
7
19
15
14
13
9
10
11
17
12
9
13
12
10
8
16
16
9
9
8
12
8
6
10
7
13
14
15
12
11
14
15
11
11
12
15
13
7
19
11
12
13
9
14
14
9
8
4
8
4
14
15
11
5
10
12
12
17
8
20
8
13
12
12
10
8
16
16
10
12
11
10
15
10
16
5
12
13
16
13
9
7
7
11
5
12
14
11
14
12
1
15
11
13
11
13
9
13
15
8
17
15
11
13
5
14
15
15
13
20
17
8
10
10
9
11
9
12
13
10
16
13
11
8
9
11
8
13
8
10
11
8
12
17
13
11
13
10
11
11
11
8
11
12
9
14
11
6
13
13
9
11
19
10
11
9
16
13
9
10
12
7
15
8
9
13
10
6
11
10
11
8
12
10
11
15
5
10
10
9
10
12
9
9
14
10
10
10
4
11
10
7
16
13
13
15
10
13
17
12
14
11
13
13
13
12
14
10
15
9
17
10
15
14
11
13
11
10
16
10
15
6
8
7
9
14
11
8
10
6
7
11
11
9
11
10
8
9
11
12
5
7
15
10
11
14
8
13
17
9
13
14
12
8
7
4
6
16
14
10
9
7
10
11
13
11
14
8
11
7
9
9
11
11
11
10
10
12
13
19
11
10
9
13
15
11
15
11
7
13
13
9
9
13
8
12
8
6
7
9
7
8
4
13
11
14
12
10
9
17
15
12
11
8
13
20
7
3
6
12
13
10
10
11
7
7
8
14
9
15
15
9
10
3
11
5
9
14
14
11
15
9
11
8
7
12
7
3
12
12
12
16
11
12
12
9
11
9
10
16
14
16
9
10
11
11
17
12
13
9
9
9
7
10
14
10
11
14
7
13
9
14
11
7
13
5
10
13
16
11
7
11
13
12
10
12
13
12
15
12
9
7
14
13
10
9
13
7
8
18
11
13
10
10
13
6
7
7
16
10
10
15
8
11
11
9
3
8
12
8
19
7
10
12
9
11
16
11
6
10
10
15
14
10
12
13
5
8
16
19
14
13
8
11
7
15
10
15
18
13
12
9
21
10
19
10
13
17
7
13
7
7
12
15
12
8
16
17
9
10
6
9
13
12
8
8
15
6
11
6
8
7
5
15
8
10
13
17
7
10
9
10
11
14
9
16
13
17
11
10
12
13
6
9
10
10
10
16
13
13
11
12
11
10
13
7
11
11
10
12
13
11
16
15
11
12
11
4
17
13
10
13
9
11
9
7
11
12
7
12
7
6
9
9
10
8
7
12
14
7
5
19
16
12
14
16
10
8
14
5
18
9
10
12
9
11
6
9
16
13
9
7
12
11
9
13
6
15
13
17
10
15
13
8
12
15
8
5
14
3
10
7
9
6
10
13
10
12
9
9
10
7
20
11
10
13
13
10
4
15
8
4
11
10
8
10
15
9
14
14
11
5
10
10
19
8
14
12
13
11
12
7
7
14
8
8
