465
472
451
474
515
475
471
503
491
476
519
450
481
444
475
520
477
507
505
455
438
451
516
450
514
475
455
476
496
477
458
455
455
504
474
488
470
524
488
481
469
487
458
468
442
497
434
488
508
496
475
456
498
446
454
447
476
456
426
468
486
470
469
447
480
486
493
454
482
459
512
478
471
458
467
479
429
501
509
464
471
477
498
496
476
503
467
467
484
486
460
483
452
476
475
483
471
488
480
491
492
488
477
464
491
440
458
453
518
433
468
485
465
465
476
437
511
465
461
534
480
476
491
447
491
479
426
470
485
470
467
479
469
487
451
466
486
480
499
471
438
465
487
481
463
469
473
484
477
503
480
463
472
478
467
446
465
447
491
510
481
488
474
465
491
457
484
479
503
467
497
495
494
491
447
445
424
486
442
463
440
481
491
451
451
516
493
507
463
496
498
468
462
473
481
487
464
440
463
430
518
512
491
448
468
478
527
458
503
439
440
478
453
508
487
496
474
477
492
503
457
448
475
463
495
467
457
498
463
490
508
502
495
466
468
495
517
452
477
462
463
470
482
511
451
493
475
473
483
482
470
473
452
505
447
463
473
462
474
490
473
494
468
478
450
496
504
457
494
456
462
494
467
504
499
447
467
449
479
463
483
473
474
475
497
481
465
480
475
494
464
505
482
486
467
498
490
497
476
470
494
555
441
506
460
471
493
438
468
474
435
474
465
493
495
476
481
499
463
505
446
468
485
462
491
470
431
482
513
463
474
472
484
470
411
458
467
489
449
502
457
489
490
460
457
425
435
454
468
479
437
457
474
485
450
506
445
453
427
453
459
494
505
442
509
493
443
481
474
432
455
478
473
495
488
440
474
478
483
469
439
489
481
470
495
425
452
477
492
453
485
453
441
484
479
459
499
444
494
446
515
499
479
443
487
467
502
472
491
463
498
444
436
471
513
447
476
431
478
469
446
425
457
522
475
469
455
459
468
464
523
469
479
523
484
485
457
455
456
485
479
449
491
487
492
454
508
448
468
480
461
466
497
459
494
481
468
504
481
473
456
485
493
496
487
456
500
467
460
470
436
469
488
502
485
473
493
509
489
473
467
490
481
480
509
512
450
516
438
456
433
487
490
470
413
489
461
479
448
512
478
487
486
484
432
503
458
476
475
452
470
499
438
481
457
466
473
460
495
472
484
467
486
475
465
483
447
482
492
475
488
461
505
503
476
503
493
463
456
453
473
462
468
460
475
482
456
492
491
468
476
460
480
436
471
478
422
476
490
486
442
491
485
447
476
487
460
466
501
458
479
468
492
507
419
447
482
449
472
476
420
492
478
458
482
465
463
502
514
462
443
498
475
522
459
485
480
520
461
489
440
465
465
459
482
485
506
487
457
438
499
476
450
473
443
450
512
477
440
475
474
475
462
477
488
498
430
496
423
507
482
474
478
445
490
451
475
481
457
428
487
467
492
489
439
465
479
484
462
509
524
452
535
461
489
437
491
484
480
474
462
476
461
490
494
494
481
456
454
477
469
446
476
502
480
488
485
467
476
489
459
450
468
458
484
431
457
487
443
453
511
461
483
461
492
476
464
447
456
451
482
466
452
467
465
488
450
468
461
469
483
473
453
494
480
492
467
496
471
470
477
500
513
444
494
465
447
477
456
481
482
485
476
492
465
456
497
460
476
424
461
503
467
446
493
472
468
496
429
441
487
476
498
490
449
472
462
468
514
518
497
484
458
500
474
478
479
480
469
482
497
471
517
496
456
463
464
484
499
475
501
461
502
501
494
450
469
480
490
482
475
479
490
432
474
465
472
488
483
456
466
484
458
509
473
475
461
482
507
492
492
506
502
447
448
482
504
460
485
476
474
463
468
504
492
478
478
507
444
471
473
473
479
454
493
454
465
517
461
479
466
456
485
473
467
475
525
464
483
466
489
492
476
453
481
472
493
445
517
473
490
480
489
503
479
478
501
465
485
468
474
475
467
452
518
497
457
446
468
524
440
448
465
442
457
442
473
475
459
480
479
476
485
450
466
519
468
494
467
492
447
455
480
546
455
477
465
488
480
479
454
475
497
486
475
494
498
479
461
493
506
462
506
526
477
485
447
446
466
464
470
460
458
527
444
441
506
467
464
488
492
514
469
495
497
487
451
523
495
445
530
478
468
495
455
485
481
505
478
471
430
476
457
487
484
430
451
458
491
465
426
520
490
517
480
466
501
421
466
455
507
512
452
495
511
481
466
507
479
455
439
470
486
482
474
475
494
499
473
497
