16
17
15
9
19
13
14
11
9
6
19
17
13
10
8
15
14
10
16
21
13
21
19
16
18
21
15
11
11
22
15
18
9
15
17
16
10
16
14
14
20
15
17
17
14
17
13
17
15
17
13
17
13
17
14
11
15
14
13
15
17
16
11
10
11
16
19
12
11
13
15
12
17
12
9
14
22
25
15
6
11
16
12
19
20
17
18
12
20
14
17
12
18
9
15
16
6
12
15
10
9
12
15
8
16
11
12
14
12
8
22
9
19
13
9
12
13
15
12
18
17
20
13
4
15
20
8
20
21
12
11
19
11
20
17
18
11
15
13
13
16
11
20
18
15
10
14
19
23
18
11
20
23
16
13
13
12
14
13
11
18
18
11
19
20
22
12
19
13
19
11
11
8
21
12
19
20
15
11
10
16
17
15
15
12
6
11
12
9
14
16
19
22
10
14
14
16
13
16
14
11
19
20
21
19
5
16
20
21
19
16
13
22
10
14
8
15
19
16
16
13
8
22
11
9
17
12
19
20
10
15
21
14
27
14
10
17
8
13
17
14
16
14
13
13
13
15
13
16
13
18
13
13
19
16
13
16
12
11
15
11
21
13
22
15
14
11
10
23
14
14
16
12
21
11
10
18
19
11
19
16
18
14
9
15
11
10
15
12
11
15
19
13
10
17
8
12
14
15
16
11
15
24
19
11
13
11
10
11
10
16
14
15
19
18
12
25
12
17
16
12
20
18
10
12
13
12
19
12
8
15
13
21
14
14
17
12
12
12
21
14
17
12
13
12
12
15
18
12
10
13
15
9
15
11
13
22
7
10
15
16
7
15
15
11
16
15
22
13
12
15
15
8
10
18
14
21
12
16
17
11
16
5
10
18
16
11
14
16
16
16
17
15
16
13
11
12
17
18
14
20
12
14
14
9
21
13
16
9
11
13
17
15
27
9
16
14
15
15
16
15
12
16
12
23
16
12
14
11
10
12
13
17
9
12
14
9
19
7
15
14
15
13
18
12
20
17
12
13
12
14
13
29
9
10
15
17
16
11
15
11
17
15
21
13
19
15
9
14
17
11
16
18
15
12
11
11
13
11
12
19
12
17
16
18
17
15
15
15
10
14
19
7
16
12
9
16
21
18
13
11
9
12
12
22
11
15
18
13
8
11
16
22
9
16
14
18
10
16
13
17
13
14
15
16
11
15
11
9
13
12
15
17
16
21
15
7
12
11
18
9
22
22
26
17
16
16
18
15
20
11
18
19
9
18
23
16
15
14
10
20
5
16
13
13
12
10
21
12
17
21
11
17
7
14
19
13
9
11
16
11
16
15
8
13
17
15
17
15
19
12
11
14
18
12
12
10
14
13
15
17
16
14
16
18
14
12
21
15
16
13
15
15
21
17
16
13
17
15
16
16
11
15
15
14
16
16
18
11
14
12
18
17
15
11
11
21
13
6
11
15
10
8
14
11
14
19
15
11
17
10
10
17
17
9
10
11
11
15
10
16
16
15
14
20
7
15
14
11
15
14
22
9
12
14
15
11
20
13
16
9
16
16
13
12
6
19
16
14
14
18
19
16
9
17
10
23
13
14
15
16
11
11
13
14
10
15
17
14
17
14
14
12
17
14
19
7
22
9
19
19
19
16
12
8
12
14
12
15
12
15
15
8
13
11
14
19
17
20
18
12
9
13
13
12
14
9
6
15
13
16
11
12
17
23
14
16
12
11
14
9
22
15
11
15
14
11
18
24
19
10
15
10
20
21
17
15
14
15
19
7
6
12
13
9
13
13
11
13
15
14
13
17
12
12
17
19
15
17
9
14
7
14
17
12
12
11
17
13
19
17
12
14
20
16
17
15
13
9
15
14
23
6
14
16
15
14
8
15
14
15
10
15
9
17
11
15
20
16
14
13
13
8
15
21
18
12
14
17
17
14
10
12
11
9
15
9
19
16
10
9
8
17
15
14
18
13
12
13
12
16
14
10
14
7
19
12
15
19
24
17
13
19
11
13
12
19
13
12
11
12
10
11
14
26
14
15
12
13
20
14
18
11
15
13
10
16
12
16
18
13
16
15
8
14
18
16
14
15
15
25
13
9
19
15
18
21
17
13
17
17
17
20
14
17
9
15
10
14
8
22
11
11
11
7
11
18
16
11
13
11
12
11
17
17
20
9
17
8
25
22
14
11
12
14
13
15
14
8
11
16
20
18
11
12
13
5
17
14
22
19
11
23
10
17
16
9
17
18
11
15
9
16
18
11
15
12
16
23
14
