339
348
401
380
334
371
352
350
357
363
334
350
368
395
354
351
324
367
346
377
348
373
351
356
353
343
370
389
351
344
376
374
375
357
361
340
341
340
364
380
395
333
346
357
383
377
332
370
322
365
363
341
359
316
370
358
342
361
349
342
351
371
363
330
380
337
341
351
330
338
410
362
365
356
375
355
359
363
348
375
351
339
332
380
386
340
374
373
374
321
378
374
356
377
394
362
374
394
373
317
352
390
342
334
379
366
335
385
335
326
371
376
372
318
385
377
331
365
357
332
374
362
353
384
359
364
359
380
388
330
356
386
389
362
341
350
375
330
358
376
395
338
345
324
385
350
356
357
371
361
361
382
358
339
352
363
364
361
334
372
336
386
314
374
343
317
340
369
360
369
343
335
374
363
335
351
361
326
386
364
342
343
356
335
358
337
353
360
385
363
313
368
352
343
348
370
374
381
339
356
350
372
361
371
353
369
364
357
391
358
337
352
352
335
362
356
357
360
367
323
372
364
337
332
348
330
357
354
308
361
331
312
351
367
355
349
363
369
365
377
338
337
350
325
344
344
360
411
338
367
342
326
376
399
335
346
341
349
385
372
366
328
379
344
387
343
355
363
365
360
368
359
362
352
395
384
346
353
358
347
349
332
363
362
388
383
345
358
324
369
367
360
362
334
350
348
372
377
372
361
349
359
402
344
362
349
356
365
335
344
363
386
360
344
342
358
372
375
345
381
362
357
332
380
398
364
377
331
366
338
382
358
340
365
341
352
348
329
353
365
384
343
371
359
370
326
363
334
367
352
375
371
350
367
341
362
355
353
313
361
375
391
372
359
396
383
341
350
349
369
370
357
363
369
343
368
350
369
365
350
365
325
389
356
358
338
352
340
349
371
352
372
347
363
345
372
369
351
354
362
372
351
370
397
358
370
371
354
391
359
387
341
336
355
356
363
359
333
368
364
334
350
385
371
316
356
365
353
361
330
358
352
352
356
385
364
353
384
361
356
333
393
348
370
365
372
386
369
380
351
361
359
361
350
375
340
376
352
346
379
323
359
364
351
365
349
360
331
360
337
332
337
374
374
377
376
376
332
325
328
374
342
337
365
343
376
355
391
346
352
381
366
363
387
342
327
369
366
335
378
367
324
396
363
381
377
332
332
353
354
364
354
347
346
358
366
302
422
377
365
401
364
386
360
311
351
341
334
335
359
367
396
338
368
365
342
373
347
349
300
361
362
357
348
337
362
369
399
375
349
352
344
343
343
348
336
342
349
373
350
336
356
364
365
324
365
336
361
340
355
360
341
354
343
344
381
368
332
364
338
432
349
394
361
362
333
369
342
349
368
338
377
374
380
351
339
365
370
306
357
352
335
377
338
359
340
352
354
355
361
364
367
356
367
338
347
349
337
363
361
328
379
327
332
372
339
336
358
353
341
328
407
377
328
351
364
377
348
394
372
342
354
366
356
353
363
343
386
385
340
326
359
361
370
376
372
375
357
348
367
362
299
347
328
351
352
375
406
356
369
361
404
381
353
372
374
366
370
356
313
343
352
397
372
350
369
333
355
352
380
352
408
360
345
335
335
370
369
325
365
343
325
326
362
357
371
366
339
319
345
333
353
336
351
346
363
331
375
386
362
346
404
331
360
331
316
388
349
370
373
378
359
356
361
343
361
357
349
374
351
318
363
357
381
348
369
387
334
353
349
360
342
351
360
337
327
370
336
351
351
352
352
342
378
362
360
378
347
373
359
381
398
358
377
387
354
354
371
357
339
372
358
352
368
364
376
373
361
375
344
347
363
372
375
333
369
340
327
347
373
354
380
386
381
378
359
352
359
342
338
356
339
363
374
361
346
344
355
368
351
374
393
338
378
339
367
361
321
321
332
336
356
369
350
352
373
338
368
377
358
376
373
370
335
380
379
322
367
367
346
365
360
369
333
369
382
341
353
364
337
370
352
367
324
354
341
393
364
369
346
389
385
350
362
337
363
345
358
362
342
351
330
356
338
384
349
359
385
361
364
341
373
355
371
369
368
372
354
343
350
361
349
352
333
346
345
354
376
354
354
357
397
366
337
359
371
347
361
364
382
362
381
399
342
317
327
386
354
363
417
380
362
340
383
363
399
385
378
349
351
374
424
364
339
355
323
361
357
341
364
364
352
350
353
349
361
366
322
384
365
386
331
367
380
385
353
360
379
397
375
371
390
384
328
345
365
351
357
389
355
368
338
361
374
337
322
365
380
346
338
355
363
340
349
368
365
328
367
363
393
